time delta_1 delta_2 delta_3 delta_4
0.0000000	639.3355926	639.3355926	639.3355926	639.3355926
0.0100000	565.6764026	600.3436820	558.9325671	593.9935678
0.0200000	567.2702992	601.2455595	560.6656575	595.0189171
0.0300000	568.8223573	602.0970434	562.3567447	595.9955433
0.0400000	570.3334969	602.8995700	564.0066963	596.9248090
0.0500000	571.8046310	603.6545723	565.6163756	597.8080723
0.0600000	573.2366655	604.3634800	567.1866414	598.6466864
0.0700000	574.6304991	605.0277186	568.7183483	599.4419991
0.0800000	575.9870236	605.6487091	570.2123459	600.1953520
0.0900000	577.3071237	606.2278666	571.6694792	600.9080800
0.1000000	578.5916764	606.7666000	573.0905877	601.5815105
0.1100000	579.8415514	607.2663113	574.4765054	602.2169629
0.1200000	581.0576102	607.7283940	575.8280601	602.8157471
0.1300000	582.2407063	608.1542327	577.1460732	603.3791634
0.1400000	583.3916841	608.5452022	578.4313588	603.9085012
0.1500000	584.5113794	608.9026659	579.6847236	604.4050380
0.1600000	585.6006183	609.2279755	580.9069660	604.8700389
0.1700000	586.6602168	609.5224694	582.0988758	605.3047553
0.1800000	587.6909807	609.7874723	583.2612335	605.7104240
0.1900000	588.6937049	610.0242933	584.3948096	606.0882667
0.2000000	589.6691729	610.2342259	585.5003644	606.4394884
0.2100000	590.6181565	610.4185464	586.5786470	606.7652771
0.2200000	591.5414152	610.5785127	587.6303954	607.0668029
0.2300000	592.4396960	610.7153643	588.6563352	607.3452165
0.2400000	593.3137327	610.8303202	589.6571797	607.6016493
0.2500000	594.1642456	610.9245790	590.6336293	607.8372120
0.2600000	594.9919414	610.9993175	591.5863708	608.0529941
0.2700000	595.7975123	611.0556899	592.5160775	608.2500629
0.2800000	596.5816363	611.0948274	593.4234080	608.4294634
0.2900000	597.3449763	611.1178368	594.3090068	608.5922169
0.3000000	598.0881803	611.1258007	595.1735034	608.7393212
0.3100000	598.8118810	611.1197760	596.0175120	608.8717495
0.3200000	599.5166953	611.1007938	596.8416315	608.9904501
0.3300000	600.2032247	611.0698587	597.6464452	609.0963459
0.3400000	600.8720545	611.0279483	598.4325204	609.1903341
0.3500000	601.5237542	610.9760127	599.2004086	609.2732858
0.3600000	602.1588771	610.9149744	599.9506451	609.3460455
0.3700000	602.7779603	610.8457274	600.6837492	609.4094313
0.3800000	603.3815247	610.7691374	601.4002238	609.4642342
0.3900000	603.9700751	610.6860414	602.1005557	609.5112181
0.4000000	604.5440998	610.5972473	602.7852152	609.5511199
0.4100000	605.1040712	610.5035342	603.4546568	609.5846493
0.4200000	605.6504455	610.4056518	604.1093185	609.6124884
0.4300000	606.1836628	610.3043206	604.7496226	609.6352926
0.4400000	606.7041474	610.2002320	605.3759754	609.6536896
0.4500000	607.2123079	610.0940481	605.9887673	609.6682804
0.4600000	607.7085373	609.9864022	606.5883734	609.6796389
0.4700000	608.1932132	609.8778984	607.1751533	609.6883125
0.4800000	608.6666978	609.7691121	607.7494515	609.6948218
0.4900000	609.1293387	609.6605901	608.3115975	609.6996616
0.5000000	609.5814684	609.5528512	608.8619063	609.7033003
0.5100000	610.0234053	609.4463861	609.4006784	609.7061811
0.5200000	610.4554533	609.3416576	609.9282004	609.7087219
0.5300000	610.8779026	609.2391018	610.4447451	609.7113156
0.5400000	611.2910295	609.1391274	610.9505717	609.7143310
0.5500000	611.6950974	609.0421171	611.4459266	609.7181129
0.5600000	612.0903564	608.9484274	611.9310432	609.7229824
0.5700000	612.4770441	608.8583896	612.4061427	609.7292380
0.5800000	612.8553857	608.7723100	612.8714342	609.7371557
0.5900000	613.2255947	608.6904704	613.3271151	609.7469894
0.6000000	613.5878726	608.6131290	613.7733718	609.7589719
0.6100000	613.9424101	608.5405208	614.2103795	609.7733154
0.6200000	614.2893867	608.4728582	614.6383032	609.7902117
0.6300000	614.6289716	608.4103315	615.0572977	609.8098333
0.6400000	614.9613239	608.3531099	615.4675083	609.8323337
0.6500000	615.2865929	608.3013420	615.8690709	609.8578482
0.6600000	615.6049186	608.2551562	616.2621126	609.8864943
0.6700000	615.9164319	608.2146617	616.6467520	609.9183730
0.6800000	616.2212554	608.1799493	617.0230998	609.9535684
0.6900000	616.5195032	608.1510917	617.3912589	609.9921493
0.7000000	616.8112818	608.1281444	617.7513253	610.0341695
0.7100000	617.0966902	608.1111466	618.1033877	610.0796683
0.7200000	617.3758204	608.1001215	618.4475290	610.1286716
0.7300000	617.6487576	608.0950775	618.7838254	610.1811919
0.7400000	617.9155809	608.0960083	619.1123481	610.2372297
0.7500000	618.1763633	608.1028943	619.4331627	610.2967736
0.7600000	618.4311723	608.1157028	619.7463300	610.3598013
0.7700000	618.6800702	608.1343888	620.0519063	610.4262800
0.7800000	618.9231146	608.1588958	620.3499440	610.4961671
0.7900000	619.1603584	608.1891567	620.6404915	610.5694109
0.8000000	619.3918504	608.2250937	620.9235940	610.6459512
0.8100000	619.6176359	608.2666200	621.1992936	610.7257198
0.8200000	619.8377562	608.3136397	621.4676295	610.8086413
0.8300000	620.0522499	608.3660486	621.7286390	610.8946336
0.8400000	620.2611527	608.4237352	621.9823569	610.9836081
0.8500000	620.4644975	608.4865808	622.2288166	611.0754711
0.8600000	620.6623154	608.5544606	622.4680499	611.1701235
0.8700000	620.8546352	608.6272438	622.7000875	611.2674618
0.8800000	621.0414844	608.7047948	622.9249594	611.3673784
0.8900000	621.2228890	608.7869730	623.1426949	611.4697625
0.9000000	621.3988737	608.8736339	623.3533230	611.5744999
0.9100000	621.5694628	608.9646297	623.5568728	611.6814740
0.9200000	621.7346797	609.0598093	623.7533735	611.7905664
0.9300000	621.8945475	609.1590192	623.9428548	611.9016565
0.9400000	622.0490893	609.2621039	624.1253471	612.0146230
0.9500000	622.1983281	609.3689062	624.3008816	612.1293435
0.9600000	622.3422874	609.4792680	624.4694906	612.2456951
0.9700000	622.4809912	609.5930303	624.6312078	612.3635550
0.9800000	622.6144640	609.7100337	624.7860682	612.4828007
0.9900000	622.7427314	609.8301192	624.9341084	612.6033101
1.0000000	622.8658198	609.9531279	625.0753670	612.7249621
1.0100000	622.9837570	610.0789020	625.2098844	612.8476370
1.0200000	623.0965720	610.2072844	625.3377029	612.9712164
1.0300000	623.2042954	610.3381199	625.4588672	613.0955836
1.0400000	623.3069592	610.4712546	625.5734242	613.2206242
1.0500000	623.4045973	610.6065368	625.6814233	613.3462257
1.0600000	623.4972453	610.7438169	625.7829163	613.4722782
1.0700000	623.5849406	610.8829480	625.8779575	613.5986744
1.0800000	623.6677229	611.0237856	625.9666039	613.7253099
1.0900000	623.7456337	611.1661881	626.0489152	613.8520830
1.1000000	623.8187167	611.3100172	626.1249538	613.9788954
1.1100000	623.8870176	611.4551375	626.1947850	614.1056519
1.1200000	623.9505847	611.6014172	626.2584768	614.2322607
1.1300000	624.0094681	611.7487279	626.3160999	614.3586333
1.1400000	624.0637206	611.8969447	626.3677280	614.4846848
1.1500000	624.1133970	612.0459465	626.4134376	614.6103340
1.1600000	624.1585544	612.1956161	626.4533081	614.7355033
1.1700000	624.1992524	612.3458400	626.4874214	614.8601187
1.1800000	624.2355527	612.4965087	626.5158624	614.9841099
1.1900000	624.2675193	612.6475165	626.5387188	615.1074106
1.2000000	624.2952186	612.7987618	626.5560808	615.2299579
1.2100000	624.3187190	612.9501470	626.5680413	615.3516928
1.2200000	624.3380911	613.1015785	626.5746958	615.4725601
1.2300000	624.3534079	613.2529667	626.5761424	615.5925081
1.2400000	624.3647440	613.4042258	626.5724815	615.7114889
1.2500000	624.3721764	613.5552742	626.5638159	615.8294581
1.2600000	624.3757840	613.7060341	626.5502507	615.9463749
1.2700000	624.3756473	613.8564315	626.5318933	616.0622021
1.2800000	624.3718491	614.0063963	626.5088530	616.1769058
1.2900000	624.3644735	614.1558620	626.4812413	616.2904553
1.3000000	624.3536063	614.3047660	626.4491714	616.4028234
1.3100000	624.3393351	614.4530491	626.4127584	616.5139860
1.3200000	624.3217488	614.6006556	626.3721191	616.6239220
1.3300000	624.3009376	614.7475334	626.3273718	616.7326133
1.3400000	624.2769932	614.8936336	626.2786363	616.8400447
1.3500000	624.2500082	615.0389105	626.2260336	616.9462037
1.3600000	624.2200765	615.1833216	626.1696862	617.0510806
1.3700000	624.1872929	615.3268273	626.1097173	617.1546679
1.3800000	624.1517530	615.4693910	626.0462513	617.2569609
1.3900000	624.1135532	615.6109789	625.9794134	617.3579570
1.4000000	624.0727906	615.7515598	625.9093294	617.4576556
1.4100000	624.0295628	615.8911051	625.8361257	617.5560585
1.4200000	623.9839677	616.0295887	625.7599294	617.6531692
1.4300000	623.9361037	616.1669867	625.6808674	617.7489931
1.4400000	623.8860693	616.3032775	625.5990673	617.8435372
1.4500000	623.8339633	616.4384415	625.5146564	617.9368100
1.4600000	623.7798843	616.5724611	625.4277621	618.0288216
1.4700000	623.7239307	616.7053206	625.3385117	618.1195833
1.4800000	623.6662010	616.8370059	625.2470318	618.2091076
1.4900000	623.6067931	616.9675045	625.1534491	618.2974082
1.5000000	623.5458045	617.0968057	625.0578892	618.3844995
1.5100000	623.4833324	617.2248997	624.9604774	618.4703970
1.5200000	623.4194731	617.3517784	624.8613381	618.5551167
1.5300000	623.3543224	617.4774347	624.7605946	618.6386755
1.5400000	623.2879751	617.6018623	624.6583695	618.7210906
1.5500000	623.2205253	617.7250563	624.5547841	618.8023796
1.5600000	623.1520658	617.8470124	624.4499584	618.8825606
1.5700000	623.0826886	617.9677271	624.3440112	618.9616517
1.5800000	623.0124845	618.0871975	624.2370597	619.0396714
1.5900000	622.9415428	618.2054214	624.1292198	619.1166379
1.6000000	622.8699519	618.3223970	624.0206056	619.1925696
1.6100000	622.7977984	618.4381230	623.9113296	619.2674848
1.6200000	622.7251678	618.5525982	623.8015024	619.3414014
1.6300000	622.6521437	618.6658218	623.6912327	619.4143372
1.6400000	622.5788083	618.7777934	623.5806274	619.4863096
1.6500000	622.5052423	618.8885123	623.4697913	619.5573355
1.6600000	622.4315243	618.9979782	623.3588271	619.6274315
1.6700000	622.3577316	619.1061906	623.2478353	619.6966136
1.6800000	622.2839393	619.2131489	623.1369144	619.7648973
1.6900000	622.2102208	619.3188526	623.0261603	619.8322974
1.7000000	622.1366476	619.4233009	622.9156667	619.8988280
1.7100000	622.0632894	619.5264929	622.8055252	619.9645026
1.7200000	621.9902136	619.6284273	622.6958246	620.0293340
1.7300000	621.9174859	619.7291027	622.5866513	620.0933342
1.7400000	621.8451698	619.8285173	622.4780895	620.1565143
1.7500000	621.7733269	619.9266690	622.3702207	620.2188848
1.7600000	621.7020167	620.0235555	622.2631236	620.2804552
1.7700000	621.6312964	620.1191740	622.1568748	620.3412343
1.7800000	621.5612213	620.2135212	622.0515479	620.4012299
1.7900000	621.4918446	620.3065937	621.9472141	620.4604492
1.8000000	621.4232173	620.3983875	621.8439421	620.5188982
1.8100000	621.3553884	620.4888983	621.7417975	620.5765824
1.8200000	621.2884046	620.5781213	621.6408439	620.6335061
1.8300000	621.2223105	620.6660513	621.5411417	620.6896731
1.8400000	621.1571488	620.7526830	621.4427489	620.7450860
1.8500000	621.0929599	620.8380103	621.3457210	620.7997469
1.8600000	621.0297821	620.9220270	621.2501107	620.8536570
1.8700000	620.9676517	621.0047264	621.1559681	620.9068165
1.8800000	620.9066030	621.0861016	621.0633408	620.9592251
1.8900000	620.8466681	621.1661452	620.9722737	621.0108817
1.9000000	620.7878771	621.2448495	620.8828092	621.0617844
1.9100000	620.7302582	621.3222068	620.7949873	621.1119306
1.9200000	620.6738375	621.3982087	620.7088453	621.1613171
1.9300000	620.6186393	621.4728470	620.6244180	621.2099401
1.9400000	620.5646857	621.5461130	620.5417379	621.2577951
1.9500000	620.5119974	621.6179978	620.4608351	621.3048770
1.9600000	620.4605926	621.6884926	620.3817372	621.3511803
1.9700000	620.4104883	621.7575882	620.3044695	621.3966989
1.9800000	620.3616993	621.8252756	620.2290549	621.4414264
1.9900000	620.3142388	621.8915455	620.1555142	621.4853557
2.0000000	620.2681182	621.9563886	620.0838660	621.5284796
2.0100000	620.2233475	622.0197959	620.0141265	621.5707904
2.0200000	620.1799346	622.0817580	619.9463099	621.6122801
2.0300000	620.1378862	622.1422659	619.8804283	621.6529404
2.0400000	620.0972074	622.2013108	619.8164919	621.6927630
2.0500000	620.0579016	622.2588836	619.7545087	621.7317392
2.0600000	620.0199709	622.3149759	619.6944847	621.7698602
2.0700000	619.9834160	622.3695792	619.6364244	621.8071172
2.0800000	619.9482360	622.4226854	619.5803301	621.8435011
2.0900000	619.9144290	622.4742867	619.5262023	621.8790031
2.1000000	619.8819916	622.5243755	619.4740401	621.9136142
2.1100000	619.8509192	622.5729447	619.4238406	621.9473256
2.1200000	619.8212061	622.6199875	619.3755994	621.9801284
2.1300000	619.7928454	622.6654977	619.3293105	622.0120141
2.1400000	619.7658290	622.7094693	619.2849664	622.0429741
2.1500000	619.7401479	622.7518970	619.2425582	622.0730002
2.1600000	619.7157920	622.7927759	619.2020754	622.1020844
2.1700000	619.6927503	622.8321018	619.1635064	622.1302190
2.1800000	619.6710108	622.8698708	619.1268380	622.1573964
2.1900000	619.6505607	622.9060798	619.0920560	622.1836098
2.2000000	619.6313863	622.9407265	619.0591450	622.2088522
2.2100000	619.6134733	622.9738088	619.0280881	622.2331175
2.2200000	619.5968064	623.0053257	618.9988678	622.2563998
2.2300000	619.5813698	623.0352766	618.9714653	622.2786936
2.2400000	619.5671470	623.0636618	618.9458608	622.2999940
2.2500000	619.5541207	623.0904823	618.9220336	622.3202966
2.2600000	619.5422733	623.1157397	618.8999622	622.3395975
2.2700000	619.5315864	623.1394366	618.8796240	622.3578934
2.2800000	619.5220414	623.1615762	618.8609960	622.3751815
2.2900000	619.5136190	623.1821626	618.8440541	622.3914596
2.3000000	619.5062995	623.2012007	618.8287737	622.4067261
2.3100000	619.5000630	623.2186960	618.8151294	622.4209801
2.3200000	619.4948890	623.2346552	618.8030954	622.4342213
2.3300000	619.4907568	623.2490854	618.7926453	622.4464499
2.3400000	619.4876455	623.2619949	618.7837518	622.4576670
2.3500000	619.4855338	623.2733926	618.7763877	622.4678742
2.3600000	619.4844002	623.2832884	618.7705249	622.4770738
2.3700000	619.4842231	623.2916928	618.7661352	622.4852688
2.3800000	619.4849807	623.2986174	618.7631899	622.4924629
2.3900000	619.4866510	623.3040744	618.7616600	622.4986605
2.4000000	619.4892119	623.3080769	618.7615161	622.5038665
2.4100000	619.4926414	623.3106390	618.7627287	622.5080867
2.4200000	619.4969173	623.3117754	618.7652680	622.5113275
2.4300000	619.5020172	623.3115016	618.7691042	622.5135960
2.4400000	619.5079190	623.3098339	618.7742070	622.5149000
2.4500000	619.5146005	623.3067896	618.7805463	622.5152479
2.4600000	619.5220395	623.3023864	618.7880917	622.5146488
2.4700000	619.5302137	623.2966431	618.7968128	622.5131124
2.4800000	619.5391013	623.2895790	618.8066791	622.5106492
2.4900000	619.5486801	623.2812142	618.8176603	622.5072702
2.5000000	619.5589284	623.2715696	618.8297258	622.5029871
2.5100000	619.5698244	623.2606666	618.8428453	622.4978121
2.5200000	619.5813465	623.2485274	618.8569883	622.4917581
2.5300000	619.5934732	623.2351747	618.8721247	622.4848385
2.5400000	619.6061833	623.2206321	618.8882242	622.4770675
2.5500000	619.6194556	623.2049236	618.9052567	622.4684594
2.5600000	619.6332693	623.1880737	618.9231924	622.4590295
2.5700000	619.6476036	623.1701076	618.9420014	622.4487933
2.5800000	619.6624380	623.1510510	618.9616542	622.4377671
2.5900000	619.6777523	623.1309301	618.9821213	622.4259672
2.6000000	619.6935264	623.1097716	619.0033735	622.4134109
2.6100000	619.7097404	623.0876025	619.0253818	622.4001156
2.6200000	619.7263748	623.0644505	619.0481175	622.3860992
2.6300000	619.7434102	623.0403436	619.0715519	622.3713799
2.6400000	619.7608277	623.0153099	619.0956569	622.3559765
2.6500000	619.7786083	622.9893782	619.1204043	622.3399080
2.6600000	619.7967335	622.9625774	619.1457665	622.3231937
2.6700000	619.8151850	622.9349369	619.1717160	622.3058532
2.6800000	619.8339448	622.9064861	619.1982255	622.2879064
2.6900000	619.8529953	622.8772548	619.2252682	622.2693736
2.7000000	619.8723188	622.8472730	619.2528176	622.2502751
2.7100000	619.8918983	622.8165707	619.2808473	622.2306317
2.7200000	619.9117168	622.7851782	619.3093315	622.2104639
2.7300000	619.9317576	622.7531260	619.3382444	622.1897930
2.7400000	619.9520046	622.7204444	619.3675608	622.1686399
2.7500000	619.9724415	622.6871641	619.3972558	622.1470258
2.7600000	619.9930527	622.6533155	619.4273046	622.1249722
2.7700000	620.0138225	622.6189292	619.4576830	622.1025003
2.7800000	620.0347359	622.5840358	619.4883671	622.0796316
2.7900000	620.0557778	622.5486658	619.5193333	622.0563876
2.8000000	620.0769336	622.5128495	619.5505582	622.0327897
2.8100000	620.0981889	622.4766172	619.5820191	622.0088593
2.8200000	620.1195296	622.4399991	619.6136934	621.9846179
2.8300000	620.1409419	622.4030253	619.6455588	621.9600867
2.8400000	620.1624121	622.3657255	619.6775935	621.9352870
2.8500000	620.1839271	622.3281293	619.7097761	621.9102400
2.8600000	620.2054737	622.2902663	619.7420854	621.8849667
2.8700000	620.2270393	622.2521654	619.7745007	621.8594879
2.8800000	620.2486112	622.2138557	619.8070015	621.8338243
2.8900000	620.2701774	622.1753655	619.8395678	621.8079964
2.9000000	620.2917257	622.1367233	619.8721798	621.7820247
2.9100000	620.3132444	622.0979570	619.9048184	621.7559291
2.9200000	620.3347222	622.0590940	619.9374644	621.7297296
2.9300000	620.3561477	622.0201615	619.9700993	621.7034458
2.9400000	620.3775100	621.9811864	620.0027047	621.6770971
2.9500000	620.3987983	621.9421951	620.0352628	621.6507025
2.9600000	620.4200022	621.9032134	620.0677561	621.6242808
2.9700000	620.4411114	621.8642669	620.1001672	621.5978505
2.9800000	620.4621159	621.8253807	620.1324794	621.5714298
2.9900000	620.4830059	621.7865792	620.1646761	621.5450365
3.0000000	620.5037719	621.7478866	620.1967412	621.5186881
3.0100000	620.5244044	621.7093264	620.2286590	621.4924016
3.0200000	620.5448946	621.6709217	620.2604139	621.4661940
3.0300000	620.5652334	621.6326951	620.2919908	621.4400815
3.0400000	620.5854123	621.5946686	620.3233751	621.4140801
3.0500000	620.6054228	621.5568635	620.3545523	621.3882056
3.0600000	620.6252567	621.5193009	620.3855083	621.3624731
3.0700000	620.6449060	621.4820010	620.4162294	621.3368974
3.0800000	620.6643630	621.4449837	620.4467022	621.3114929
3.0900000	620.6836201	621.4082681	620.4769138	621.2862736
3.1000000	620.7026699	621.3718729	620.5068514	621.2612530
3.1100000	620.7215053	621.3358160	620.5365026	621.2364444
3.1200000	620.7401194	621.3001150	620.5658555	621.2118604
3.1300000	620.7585055	621.2647868	620.5948984	621.1875132
3.1400000	620.7766570	621.2298474	620.6236199	621.1634148
3.1500000	620.7945676	621.1953127	620.6520091	621.1395764
3.1600000	620.8122313	621.1611976	620.6800552	621.1160091
3.1700000	620.8296420	621.1275166	620.7077480	621.0927234
3.1800000	620.8467941	621.0942836	620.7350774	621.0697294
3.1900000	620.8636822	621.0615118	620.7620338	621.0470366
3.2000000	620.8803007	621.0292139	620.7886078	621.0246544
3.2100000	620.8966448	620.9974020	620.8147905	621.0025914
3.2200000	620.9127094	620.9660874	620.8405731	620.9808560
3.2300000	620.9284897	620.9352810	620.8659473	620.9594561
3.2400000	620.9439814	620.9049933	620.8909051	620.9383992
3.2500000	620.9591800	620.8752337	620.9154388	620.9176922
3.2600000	620.9740815	620.8460115	620.9395410	620.8973419
3.2700000	620.9886818	620.8173352	620.9632046	620.8773544
3.2800000	621.0029772	620.7892128	620.9864231	620.8577355
3.2900000	621.0169641	620.7616516	621.0091898	620.8384905
3.3000000	621.0306393	620.7346585	621.0314988	620.8196244
3.3100000	621.0439994	620.7082399	621.0533443	620.8011418
3.3200000	621.0570415	620.6824014	621.0747209	620.7830469
3.3300000	621.0697628	620.6571484	621.0956234	620.7653435
3.3400000	621.0821607	620.6324854	621.1160470	620.7480348
3.3500000	621.0942328	620.6084167	621.1359873	620.7311241
3.3600000	621.1059768	620.5849459	621.1554399	620.7146139
3.3700000	621.1173906	620.5620763	621.1744011	620.6985064
3.3800000	621.1284724	620.5398103	621.1928674	620.6828038
3.3900000	621.1392206	620.5181503	621.2108353	620.6675076
3.4000000	621.1496336	620.4970980	621.2283021	620.6526189
3.4100000	621.1597101	620.4766545	621.2452650	620.6381388
3.4200000	621.1694489	620.4568207	621.2617216	620.6240679
3.4300000	621.1788492	620.4375970	621.2776701	620.6104064
3.4400000	621.1879102	620.4189832	621.2931085	620.5971543
3.4500000	621.1966313	620.4009788	621.3080354	620.5843113
3.4600000	621.2050121	620.3835830	621.3224498	620.5718768
3.4700000	621.2130523	620.3667943	621.3363506	620.5598499
3.4800000	621.2207519	620.3506112	621.3497374	620.5482294
3.4900000	621.2281111	620.3350313	621.3626099	620.5370139
3.5000000	621.2351301	620.3200524	621.3749679	620.5262017
3.5100000	621.2418095	620.3056716	621.3868119	620.5157909
3.5200000	621.2481498	620.2918857	621.3981422	620.5057793
3.5300000	621.2541519	620.2786912	621.4089599	620.4961644
3.5400000	621.2598167	620.2660843	621.4192658	620.4869436
3.5500000	621.2651455	620.2540608	621.4290615	620.4781142
3.5600000	621.2701395	620.2426163	621.4383485	620.4696730
3.5700000	621.2748003	620.2317460	621.4471286	620.4616167
3.5800000	621.2791295	620.2214449	621.4554041	620.4539419
3.5900000	621.2831288	620.2117077	621.4631773	620.4466451
3.6000000	621.2868003	620.2025288	621.4704509	620.4397223
3.6100000	621.2901461	620.1939025	621.4772277	620.4331696
3.6200000	621.2931684	620.1858227	621.4835109	620.4269829
3.6300000	621.2958696	620.1782830	621.4893037	620.4211579
3.6400000	621.2982524	620.1712771	621.4946099	620.4156901
3.6500000	621.3003195	620.1647982	621.4994332	620.4105751
3.6600000	621.3020737	620.1588393	621.5037777	620.4058081
3.6700000	621.3035179	620.1533935	621.5076476	620.4013842
3.6800000	621.3046555	620.1484534	621.5110474	620.3972987
3.6900000	621.3054896	620.1440116	621.5139818	620.3935463
3.7000000	621.3060236	620.1400605	621.5164556	620.3901221
3.7100000	621.3062611	620.1365923	621.5184741	620.3870208
3.7200000	621.3062057	620.1335992	621.5200423	620.3842370
3.7300000	621.3058612	620.1310731	621.5211659	620.3817654
3.7400000	621.3052315	620.1290059	621.5218504	620.3796004
3.7500000	621.3043207	620.1273893	621.5221018	620.3777366
3.7600000	621.3031329	620.1262150	621.5219259	620.3761684
3.7700000	621.3016722	620.1254744	621.5213290	620.3748900
3.7800000	621.2999431	620.1251591	621.5203174	620.3738958
3.7900000	621.2979500	620.1252603	621.5188975	620.3731799
3.8000000	621.2956974	620.1257695	621.5170761	620.3727367
3.8100000	621.2931900	620.1266777	621.5148599	620.3725603
3.8200000	621.2904326	620.1279761	621.5122557	620.3726447
3.8300000	621.2874298	620.1296559	621.5092708	620.3729842
3.8400000	621.2841867	620.1317081	621.5059122	620.3735728
3.8500000	621.2807082	620.1341238	621.5021872	620.3744045
3.8600000	621.2769994	620.1368939	621.4981034	620.3754734
3.8700000	621.2730653	620.1400094	621.4936681	620.3767736
3.8800000	621.2689112	620.1434612	621.4888890	620.3782992
3.8900000	621.2645424	620.1472404	621.4837738	620.3800440
3.9000000	621.2599641	620.1513377	621.4783304	620.3820023
3.9100000	621.2551818	620.1557442	621.4725666	620.3841680
3.9200000	621.2502008	620.1604507	621.4664905	620.3865353
3.9300000	621.2450267	620.1654483	621.4601100	620.3890981
3.9400000	621.2396648	620.1707278	621.4534334	620.3918506
3.9500000	621.2341209	620.1762803	621.4464687	620.3947869
3.9600000	621.2284004	620.1820967	621.4392242	620.3979012
3.9700000	621.2225091	620.1881681	621.4317081	620.4011876
3.9800000	621.2164524	620.1944856	621.4239289	620.4046402
3.9900000	621.2102362	620.2010401	621.4158949	620.4082534
4.0000000	621.2038661	620.2078230	621.4076144	620.4120213
4.0100000	621.1973478	620.2148253	621.3990960	620.4159384
4.0200000	621.1906870	620.2220383	621.3903479	620.4199988
4.0300000	621.1838894	620.2294533	621.3813787	620.4241970
4.0400000	621.1769608	620.2370618	621.3721969	620.4285274
4.0500000	621.1699069	620.2448549	621.3628108	620.4329844
4.0600000	621.1627333	620.2528244	621.3532290	620.4375625
4.0700000	621.1554459	620.2609617	621.3434599	620.4422564
4.0800000	621.1480503	620.2692583	621.3335119	620.4470605
4.0900000	621.1405521	620.2777062	621.3233936	620.4519696
4.1000000	621.1329571	620.2862969	621.3131131	620.4569783
4.1100000	621.1252710	620.2950224	621.3026790	620.4620815
4.1200000	621.1174992	620.3038745	621.2920996	620.4672738
4.1300000	621.1096474	620.3128454	621.2813831	620.4725503
4.1400000	621.1017211	620.3219271	621.2705378	620.4779058
4.1500000	621.0937259	620.3311118	621.2595719	620.4833353
4.1600000	621.0856673	620.3403918	621.2484936	620.4888338
4.1700000	621.0775506	620.3497595	621.2373109	620.4943966
4.1800000	621.0693813	620.3592073	621.2260318	620.5000186
4.1900000	621.0611646	620.3687279	621.2146643	620.5056953
4.2000000	621.0529060	620.3783139	621.2032164	620.5114218
4.2100000	621.0446105	620.3879582	621.1916958	620.5171935
4.2200000	621.0362835	620.3976534	621.1801102	620.5230059
4.2300000	621.0279299	620.4073928	621.1684673	620.5288544
4.2400000	621.0195549	620.4171693	621.1567746	620.5347347
4.2500000	621.0111634	620.4269762	621.1450397	620.5406423
4.2600000	621.0027604	620.4368068	621.1332699	620.5465729
4.2700000	620.9943506	620.4466545	621.1214725	620.5525224
4.2800000	620.9859390	620.4565128	621.1096546	620.5584865
4.2900000	620.9775301	620.4663753	621.0978234	620.5644611
4.3000000	620.9691287	620.4762359	621.0859858	620.5704423
4.3100000	620.9607392	620.4860884	621.0741487	620.5764260
4.3200000	620.9523661	620.4959268	621.0623188	620.5824084
4.3300000	620.9440138	620.5057452	621.0505027	620.5883856
4.3400000	620.9356867	620.5155378	621.0387070	620.5943540
4.3500000	620.9273888	620.5252990	621.0269381	620.6003099
4.3600000	620.9191245	620.5350231	621.0152022	620.6062496
4.3700000	620.9108976	620.5447049	621.0035054	620.6121696
4.3800000	620.9027122	620.5543389	620.9918539	620.6180665
4.3900000	620.8945720	620.5639201	620.9802534	620.6239370
4.4000000	620.8864810	620.5734433	620.9687097	620.6297776
4.4100000	620.8784427	620.5829035	620.9572286	620.6355852
4.4200000	620.8704607	620.5922961	620.9458154	620.6413566
4.4300000	620.8625386	620.6016162	620.9344755	620.6470887
4.4400000	620.8546796	620.6108593	620.9232142	620.6527786
4.4500000	620.8468872	620.6200210	620.9120365	620.6584232
4.4600000	620.8391645	620.6290969	620.9009475	620.6640198
4.4700000	620.8315146	620.6380827	620.8899518	620.6695655
4.4800000	620.8239404	620.6469745	620.8790542	620.6750576
4.4900000	620.8164450	620.6557682	620.8682592	620.6804935
4.5000000	620.8090311	620.6644601	620.8575712	620.6858706
4.5100000	620.8017015	620.6730463	620.8469945	620.6911864
4.5200000	620.7944586	620.6815232	620.8365331	620.6964385
4.5300000	620.7873051	620.6898875	620.8261910	620.7016246
4.5400000	620.7802434	620.6981357	620.8159721	620.7067425
4.5500000	620.7732757	620.7062646	620.8058800	620.7117898
4.5600000	620.7664043	620.7142711	620.7959182	620.7167645
4.5700000	620.7596313	620.7221522	620.7860902	620.7216646
4.5800000	620.7529587	620.7299050	620.7763992	620.7264880
4.5900000	620.7463884	620.7375268	620.7668483	620.7312329
4.6000000	620.7399223	620.7450150	620.7574406	620.7358975
4.6100000	620.7335620	620.7523670	620.7481787	620.7404800
4.6200000	620.7273093	620.7595804	620.7390655	620.7449787
4.6300000	620.7211656	620.7666529	620.7301034	620.7493921
4.6400000	620.7151323	620.7735825	620.7212950	620.7537185
4.6500000	620.7092109	620.7803670	620.7126424	620.7579566
4.6600000	620.7034026	620.7870045	620.7041479	620.7621050
4.6700000	620.6977086	620.7934932	620.6958133	620.7661623
4.6800000	620.6921298	620.7998314	620.6876407	620.7701273
4.6900000	620.6866674	620.8060176	620.6796317	620.7739988
4.7000000	620.6813221	620.8120502	620.6717880	620.7777757
4.7100000	620.6760948	620.8179280	620.6641111	620.7814571
4.7200000	620.6709862	620.8236495	620.6566022	620.7850419
4.7300000	620.6659970	620.8292138	620.6492627	620.7885293
4.7400000	620.6611276	620.8346198	620.6420936	620.7919184
4.7500000	620.6563786	620.8398665	620.6350959	620.7952084
4.7600000	620.6517503	620.8449532	620.6282704	620.7983988
4.7700000	620.6472431	620.8498791	620.6216180	620.8014889
4.7800000	620.6428571	620.8546436	620.6151392	620.8044780
4.7900000	620.6385925	620.8592462	620.6088345	620.8073659
4.8000000	620.6344493	620.8636866	620.6027043	620.8101520
4.8100000	620.6304276	620.8679644	620.5967489	620.8128359
4.8200000	620.6265272	620.8720794	620.5909684	620.8154175
4.8300000	620.6227481	620.8760316	620.5853629	620.8178964
4.8400000	620.6190899	620.8798209	620.5799324	620.8202726
4.8500000	620.6155524	620.8834474	620.5746766	620.8225459
4.8600000	620.6121352	620.8869113	620.5695954	620.8247163
4.8700000	620.6088379	620.8902128	620.5646883	620.8267837
4.8800000	620.6056601	620.8933524	620.5599549	620.8287484
4.8900000	620.6026010	620.8963306	620.5553946	620.8306104
4.9000000	620.5996602	620.8991477	620.5510068	620.8323700
4.9100000	620.5968369	620.9018046	620.5467907	620.8340274
4.9200000	620.5941304	620.9043019	620.5427455	620.8355829
4.9300000	620.5915399	620.9066403	620.5388703	620.8370369
4.9400000	620.5890645	620.9088209	620.5351640	620.8383899
4.9500000	620.5867034	620.9108445	620.5316257	620.8396423
4.9600000	620.5844556	620.9127122	620.5282540	620.8407946
4.9700000	620.5823201	620.9144251	620.5250477	620.8418474
4.9800000	620.5802958	620.9159844	620.5220056	620.8428015
4.9900000	620.5783817	620.9173913	620.5191262	620.8436574
5.0000000	620.5765765	620.9186473	620.5164080	620.8444158
5.0100000	620.5748791	620.9197537	620.5138495	620.8450777
5.0200000	620.5732883	620.9207119	620.5114491	620.8456438
5.0300000	620.5718028	620.9215236	620.5092051	620.8461150
5.0400000	620.5704212	620.9221903	620.5071157	620.8464922
5.0500000	620.5691423	620.9227136	620.5051791	620.8467764
5.0600000	620.5679646	620.9230954	620.5033936	620.8469686
5.0700000	620.5668866	620.9233374	620.5017572	620.8470699
5.0800000	620.5659071	620.9234414	620.5002678	620.8470812
5.0900000	620.5650244	620.9234093	620.4989235	620.8470038
5.1000000	620.5642371	620.9232431	620.4977222	620.8468388
5.1100000	620.5635436	620.9229448	620.4966619	620.8465874
5.1200000	620.5629423	620.9225164	620.4957402	620.8462509
5.1300000	620.5624316	620.9219600	620.4949551	620.8458305
5.1400000	620.5620100	620.9212778	620.4943042	620.8453275
5.1500000	620.5616757	620.9204718	620.4937853	620.8447433
5.1600000	620.5614272	620.9195444	620.4933960	620.8440792
5.1700000	620.5612627	620.9184978	620.4931341	620.8433365
5.1800000	620.5611805	620.9173344	620.4929970	620.8425168
5.1900000	620.5611789	620.9160563	620.4929824	620.8416215
5.2000000	620.5612562	620.9146660	620.4930879	620.8406520
5.2100000	620.5614107	620.9131660	620.4933109	620.8396099
5.2200000	620.5616405	620.9115585	620.4936490	620.8384965
5.2300000	620.5619439	620.9098461	620.4940995	620.8373136
5.2400000	620.5623191	620.9080313	620.4946601	620.8360626
5.2500000	620.5627643	620.9061165	620.4953281	620.8347451
5.2600000	620.5632777	620.9041043	620.4961010	620.8333627
5.2700000	620.5638576	620.9019972	620.4969760	620.8319171
5.2800000	620.5645020	620.8997977	620.4979508	620.8304097
5.2900000	620.5652093	620.8975085	620.4990225	620.8288424
5.3000000	620.5659775	620.8951322	620.5001886	620.8272166
5.3100000	620.5668049	620.8926713	620.5014465	620.8255342
5.3200000	620.5676896	620.8901284	620.5027935	620.8237967
5.3300000	620.5686298	620.8875062	620.5042270	620.8220059
5.3400000	620.5696237	620.8848074	620.5057443	620.8201634
5.3500000	620.5706694	620.8820344	620.5073427	620.8182709
5.3600000	620.5717652	620.8791901	620.5090197	620.8163301
5.3700000	620.5729093	620.8762770	620.5107725	620.8143427
5.3800000	620.5740999	620.8732977	620.5125986	620.8123104
5.3900000	620.5753350	620.8702549	620.5144952	620.8102350
5.4000000	620.5766131	620.8671513	620.5164598	620.8081181
5.4100000	620.5779322	620.8639894	620.5184896	620.8059615
5.4200000	620.5792906	620.8607719	620.5205822	620.8037668
5.4300000	620.5806866	620.8575014	620.5227349	620.8015358
5.4400000	620.5821184	620.8541806	620.5249451	620.7992701
5.4500000	620.5835842	620.8508119	620.5272103	620.7969715
5.4600000	620.5850824	620.8473980	620.5295277	620.7946416
5.4700000	620.5866112	620.8439415	620.5318950	620.7922821
5.4800000	620.5881689	620.8404449	620.5343096	620.7898948
5.4900000	620.5897538	620.8369108	620.5367689	620.7874811
5.5000000	620.5913643	620.8333417	620.5392704	620.7850429
5.5100000	620.5929987	620.8297400	620.5418118	620.7825818
5.5200000	620.5946554	620.8261083	620.5443905	620.7800993
5.5300000	620.5963327	620.8224490	620.5470041	620.7775972
5.5400000	620.5980291	620.8187646	620.5496501	620.7750769
5.5500000	620.5997429	620.8150575	620.5523263	620.7725402
5.5600000	620.6014727	620.8113300	620.5550302	620.7699886
5.5700000	620.6032168	620.8075846	620.5577596	620.7674236
5.5800000	620.6049737	620.8038235	620.5605120	620.7648469
5.5900000	620.6067419	620.8000491	620.5632853	620.7622599
5.6000000	620.6085200	620.7962636	620.5660771	620.7596641
5.6100000	620.6103065	620.7924693	620.5688853	620.7570610
5.6200000	620.6120999	620.7886685	620.5717077	620.7544522
5.6300000	620.6138989	620.7848632	620.5745422	620.7518390
5.6400000	620.6157020	620.7810556	620.5773865	620.7492230
5.6500000	620.6175078	620.7772479	620.5802386	620.7466054
5.6600000	620.6193151	620.7734422	620.5830964	620.7439878
5.6700000	620.6211225	620.7696405	620.5859580	620.7413714
5.6800000	620.6229286	620.7658447	620.5888212	620.7387577
5.6900000	620.6247323	620.7620569	620.5916843	620.7361479
5.7000000	620.6265323	620.7582791	620.5945452	620.7335433
5.7100000	620.6283273	620.7545130	620.5974020	620.7309453
5.7200000	620.6301161	620.7507607	620.6002530	620.7283550
5.7300000	620.6318977	620.7470238	620.6030962	620.7257737
5.7400000	620.6336708	620.7433042	620.6059300	620.7232026
5.7500000	620.6354343	620.7396037	620.6087526	620.7206429
5.7600000	620.6371871	620.7359238	620.6115622	620.7180956
5.7700000	620.6389282	620.7322664	620.6143573	620.7155621
5.7800000	620.6406564	620.7286329	620.6171361	620.7130432
5.7900000	620.6423709	620.7250251	620.6198972	620.7105402
5.8000000	620.6440706	620.7214443	620.6226389	620.7080540
5.8100000	620.6457546	620.7178922	620.6253598	620.7055857
5.8200000	620.6474218	620.7143702	620.6280584	620.7031362
5.8300000	620.6490715	620.7108797	620.6307333	620.7007065
5.8400000	620.6507027	620.7074220	620.6333830	620.6982976
5.8500000	620.6523145	620.7039985	620.6360063	620.6959103
5.8600000	620.6539062	620.7006105	620.6386018	620.6935455
5.8700000	620.6554770	620.6972592	620.6411683	620.6912041
5.8800000	620.6570261	620.6939458	620.6437044	620.6888869
5.8900000	620.6585526	620.6906714	620.6462092	620.6865947
5.9000000	620.6600561	620.6874373	620.6486813	620.6843282
5.9100000	620.6615356	620.6842443	620.6511197	620.6820882
5.9200000	620.6629906	620.6810937	620.6535233	620.6798754
5.9300000	620.6644204	620.6779863	620.6558911	620.6776904
5.9400000	620.6658245	620.6749231	620.6582221	620.6755340
5.9500000	620.6672022	620.6719050	620.6605154	620.6734067
5.9600000	620.6685530	620.6689328	620.6627700	620.6713091
5.9700000	620.6698763	620.6660074	620.6649851	620.6692419
5.9800000	620.6711717	620.6631295	620.6671598	620.6672054
5.9900000	620.6724387	620.6603000	620.6692934	620.6652004
6.0000000	620.6736768	620.6575193	620.6713851	620.6632272
