Time	pn	pe	pd	u	v	w	phi	theta	psip	q	r
0.0000000	0.0000000	0.0000000	-1.0000000	0.0000000	0.0000000	0.0000000	0.1745329	-0.1745329	-0.1745329	0.0000000	0.0000000	0.0000000
0.0100000	0.0000849	0.0000604	-0.9999251	0.0169884	0.0167285	0.0094348	0.1744699	-0.1744905	-0.1744713	-0.0104723	0.0104717	0.0104720
0.0200000	0.0003394	0.0002415	-0.9997030	0.0338796	0.0333507	0.0184457	0.1742818	-0.1743638	-0.1742877	-0.0207593	0.0207558	0.0207570
0.0300000	0.0007631	0.0005431	-0.9993379	0.0506677	0.0498506	0.0270577	0.1739711	-0.1741543	-0.1739842	-0.0308584	0.0308489	0.0308510
0.0400000	0.0013557	0.0009648	-0.9988345	0.0673471	0.0662126	0.0352953	0.1735402	-0.1738636	-0.1735634	-0.0407671	0.0407478	0.0407502
0.0500000	0.0021165	0.0015062	-0.9981969	0.0839120	0.0824219	0.0431821	0.1729913	-0.1734931	-0.1730275	-0.0504830	0.0504496	0.0504508
0.0600000	0.0030449	0.0021669	-0.9974292	0.1003573	0.0984641	0.0507408	0.1723271	-0.1730441	-0.1723792	-0.0600039	0.0599515	0.0599496
0.0700000	0.0041402	0.0029464	-0.9965356	0.1166774	0.1143253	0.0579937	0.1715501	-0.1725181	-0.1716209	-0.0693274	0.0692510	0.0692432
0.0800000	0.0054015	0.0038439	-0.9955200	0.1328674	0.1299925	0.0649619	0.1706629	-0.1719166	-0.1707554	-0.0784515	0.0783458	0.0783287
0.0900000	0.0068277	0.0048587	-0.9943863	0.1489222	0.1454530	0.0716660	0.1696681	-0.1712408	-0.1697852	-0.0873740	0.0872340	0.0872033
0.1000000	0.0084177	0.0059901	-0.9931381	0.1648369	0.1606946	0.0781258	0.1685685	-0.1704922	-0.1687132	-0.0960932	0.0959136	0.0958644
0.1100000	0.0101703	0.0072371	-0.9917792	0.1806065	0.1757058	0.0843600	0.1673668	-0.1696721	-0.1675421	-0.1046072	0.1043830	0.1043095
0.1200000	0.0120842	0.0085988	-0.9903130	0.1962264	0.1904756	0.0903869	0.1660658	-0.1687819	-0.1662747	-0.1129142	0.1126407	0.1125366
0.1300000	0.0141580	0.0100742	-0.9887432	0.2116916	0.2049935	0.0962236	0.1646682	-0.1678230	-0.1649139	-0.1210127	0.1206857	0.1205437
0.1400000	0.0163901	0.0116620	-0.9870729	0.2269976	0.2192494	0.1018868	0.1631770	-0.1667968	-0.1634627	-0.1289010	0.1285167	0.1283291
0.1500000	0.0187790	0.0133613	-0.9853057	0.2421397	0.2332340	0.1073920	0.1615949	-0.1657045	-0.1619238	-0.1365779	0.1361330	0.1358911
0.1600000	0.0213228	0.0151706	-0.9834445	0.2571133	0.2469382	0.1127542	0.1599250	-0.1645476	-0.1603003	-0.1440421	0.1435338	0.1432284
0.1700000	0.0240199	0.0170887	-0.9814926	0.2719137	0.2603535	0.1179874	0.1581700	-0.1633274	-0.1585951	-0.1512923	0.1507187	0.1503399
0.1800000	0.0268684	0.0191141	-0.9794531	0.2865364	0.2734721	0.1231049	0.1563330	-0.1620452	-0.1568112	-0.1583276	0.1576873	0.1572247
0.1900000	0.0298662	0.0212455	-0.9773287	0.3009769	0.2862864	0.1281192	0.1544168	-0.1607024	-0.1549516	-0.1651470	0.1644395	0.1638819
0.2000000	0.0330114	0.0234813	-0.9751226	0.3152306	0.2987893	0.1330421	0.1524245	-0.1593003	-0.1530193	-0.1717496	0.1709753	0.1703111
0.2100000	0.0363017	0.0258199	-0.9728374	0.3292930	0.3109744	0.1378846	0.1503590	-0.1578404	-0.1510172	-0.1781348	0.1772947	0.1765118
0.2200000	0.0397351	0.0282598	-0.9704758	0.3431598	0.3228355	0.1426567	0.1482232	-0.1563240	-0.1489485	-0.1843020	0.1833982	0.1824839
0.2300000	0.0433093	0.0307991	-0.9680407	0.3568263	0.3343672	0.1473681	0.1460201	-0.1547524	-0.1468161	-0.1902507	0.1892862	0.1882273
0.2400000	0.0470219	0.0334361	-0.9655344	0.3702882	0.3455641	0.1520274	0.1437527	-0.1531270	-0.1446229	-0.1959806	0.1949591	0.1937423
0.2500000	0.0508706	0.0361691	-0.9629597	0.3835412	0.3564217	0.1566428	0.1414238	-0.1514493	-0.1423720	-0.2014916	0.2004179	0.1990292
0.2600000	0.0548529	0.0389962	-0.9603188	0.3965809	0.3669355	0.1612215	0.1390366	-0.1497205	-0.1400663	-0.2067834	0.2056633	0.2040885
0.2700000	0.0589663	0.0419155	-0.9576143	0.4094029	0.3771019	0.1657702	0.1365938	-0.1479421	-0.1377088	-0.2118561	0.2106962	0.2089209
0.2800000	0.0632082	0.0449250	-0.9548485	0.4220031	0.3869174	0.1702950	0.1340985	-0.1461155	-0.1353024	-0.2167100	0.2155178	0.2135273
0.2900000	0.0675761	0.0480227	-0.9520235	0.4343772	0.3963791	0.1748011	0.1315534	-0.1442422	-0.1328499	-0.2213452	0.2201293	0.2179087
0.3000000	0.0720672	0.0512066	-0.9491417	0.4465211	0.4054843	0.1792934	0.1289615	-0.1423234	-0.1303543	-0.2257622	0.2245321	0.2220663
0.3100000	0.0766790	0.0544746	-0.9462052	0.4584307	0.4142310	0.1837759	0.1263257	-0.1403607	-0.1278184	-0.2299616	0.2287274	0.2260014
0.3200000	0.0814086	0.0578246	-0.9432160	0.4701020	0.4226173	0.1882524	0.1236487	-0.1383555	-0.1252450	-0.2339439	0.2327170	0.2297155
0.3300000	0.0862532	0.0612544	-0.9401763	0.4815312	0.4306420	0.1927256	0.1209334	-0.1363093	-0.1226369	-0.2377100	0.2365023	0.2332102
0.3400000	0.0912101	0.0647618	-0.9370879	0.4927143	0.4383041	0.1971982	0.1181825	-0.1342235	-0.1199969	-0.2412607	0.2400851	0.2364872
0.3500000	0.0962765	0.0683445	-0.9339529	0.5036477	0.4456029	0.2016719	0.1153988	-0.1320995	-0.1173276	-0.2445971	0.2434673	0.2395485
0.3600000	0.1014493	0.0720004	-0.9307730	0.5143277	0.4525383	0.2061484	0.1125850	-0.1299389	-0.1146316	-0.2477203	0.2466507	0.2423961
0.3700000	0.1067259	0.0757272	-0.9275502	0.5247508	0.4591105	0.2106286	0.1097438	-0.1277432	-0.1119117	-0.2506317	0.2496373	0.2450320
0.3800000	0.1121031	0.0795224	-0.9242862	0.5349136	0.4653199	0.2151130	0.1068778	-0.1255137	-0.1091704	-0.2533324	0.2524292	0.2474587
0.3900000	0.1175781	0.0833839	-0.9209827	0.5448129	0.4711674	0.2196016	0.1039896	-0.1232521	-0.1064101	-0.2558242	0.2550284	0.2496784
0.4000000	0.1231480	0.0873091	-0.9176414	0.5544455	0.4766541	0.2240943	0.1010817	-0.1209598	-0.1036335	-0.2581084	0.2574372	0.2516936
0.4100000	0.1288097	0.0912957	-0.9142639	0.5638084	0.4817818	0.2285903	0.0981567	-0.1186384	-0.1008429	-0.2601870	0.2596578	0.2535070
0.4200000	0.1345603	0.0953413	-0.9108519	0.5728988	0.4865520	0.2330886	0.0952171	-0.1162893	-0.0980407	-0.2620617	0.2616926	0.2551212
0.4300000	0.1403968	0.0994435	-0.9074069	0.5817140	0.4909672	0.2375877	0.0922652	-0.1139141	-0.0952292	-0.2637345	0.2635440	0.2565390
0.4400000	0.1463162	0.1035998	-0.9039304	0.5902514	0.4950296	0.2420861	0.0893035	-0.1115143	-0.0924107	-0.2652074	0.2652143	0.2577633
0.4500000	0.1523154	0.1078078	-0.9004238	0.5985088	0.4987421	0.2465818	0.0863343	-0.1090915	-0.0895874	-0.2664825	0.2667061	0.2587971
0.4600000	0.1583915	0.1120649	-0.8968887	0.6064839	0.5021077	0.2510725	0.0833598	-0.1066472	-0.0867615	-0.2675621	0.2680219	0.2596434
0.4700000	0.1645414	0.1163688	-0.8933263	0.6141746	0.5051296	0.2555557	0.0803824	-0.1041828	-0.0839352	-0.2684487	0.2691643	0.2603053
0.4800000	0.1707622	0.1207170	-0.8897381	0.6215793	0.5078116	0.2600288	0.0774041	-0.1017000	-0.0811103	-0.2691445	0.2701359	0.2607861
0.4900000	0.1770508	0.1251068	-0.8861252	0.6286962	0.5101574	0.2644888	0.0744272	-0.0992004	-0.0782891	-0.2696522	0.2709395	0.2610890
0.5000000	0.1834043	0.1295359	-0.8824891	0.6355239	0.5121710	0.2689326	0.0714537	-0.0966853	-0.0754733	-0.2699745	0.2715776	0.2612172
0.5100000	0.1898196	0.1340017	-0.8788310	0.6420611	0.5138568	0.2733571	0.0684857	-0.0941564	-0.0726649	-0.2701139	0.2720531	0.2611743
0.5200000	0.1962937	0.1385018	-0.8751520	0.6483069	0.5152193	0.2777589	0.0655251	-0.0916152	-0.0698658	-0.2700734	0.2723687	0.2609637
0.5300000	0.2028238	0.1430336	-0.8714534	0.6542603	0.5162632	0.2821344	0.0625739	-0.0890632	-0.0670776	-0.2698558	0.2725273	0.2605888
0.5400000	0.2094068	0.1475946	-0.8677362	0.6599207	0.5169934	0.2864801	0.0596340	-0.0865020	-0.0643022	-0.2694641	0.2725315	0.2600531
0.5500000	0.2160397	0.1521824	-0.8640016	0.6652876	0.5174151	0.2907923	0.0567072	-0.0839330	-0.0615411	-0.2689014	0.2723844	0.2593603
0.5600000	0.2227198	0.1567944	-0.8602507	0.6703609	0.5175335	0.2950672	0.0537952	-0.0813578	-0.0587959	-0.2681707	0.2720888	0.2585140
0.5700000	0.2294440	0.1614282	-0.8564844	0.6751406	0.5173541	0.2993012	0.0508998	-0.0787778	-0.0560683	-0.2672753	0.2716475	0.2575178
0.5800000	0.2362096	0.1660813	-0.8527039	0.6796267	0.5168825	0.3034904	0.0480226	-0.0761946	-0.0533597	-0.2662184	0.2710635	0.2563753
0.5900000	0.2430135	0.1707513	-0.8489102	0.6838197	0.5161245	0.3076310	0.0451654	-0.0736097	-0.0506716	-0.2650034	0.2703398	0.2550903
0.6000000	0.2498530	0.1754356	-0.8451040	0.6877202	0.5150859	0.3117191	0.0423295	-0.0710244	-0.0480052	-0.2636335	0.2694792	0.2536665
0.6100000	0.2567253	0.1801319	-0.8412865	0.6913290	0.5137727	0.3157511	0.0395166	-0.0684403	-0.0453620	-0.2621123	0.2684847	0.2521077
0.6200000	0.2636276	0.1848378	-0.8374586	0.6946471	0.5121911	0.3197232	0.0367281	-0.0658588	-0.0427432	-0.2604432	0.2673593	0.2504175
0.6300000	0.2705571	0.1895508	-0.8336210	0.6976757	0.5103473	0.3236316	0.0339654	-0.0632813	-0.0401500	-0.2586298	0.2661060	0.2485998
0.6400000	0.2775110	0.1942685	-0.8297747	0.7004163	0.5082476	0.3274727	0.0312299	-0.0607093	-0.0375836	-0.2566757	0.2647277	0.2466583
0.6500000	0.2844868	0.1989887	-0.8259204	0.7028705	0.5058984	0.3312429	0.0285228	-0.0581441	-0.0350451	-0.2545844	0.2632274	0.2445968
0.6600000	0.2914816	0.2037089	-0.8220591	0.7050401	0.5033061	0.3349388	0.0258454	-0.0555871	-0.0325355	-0.2523597	0.2616081	0.2424190
0.6700000	0.2984929	0.2084269	-0.8181914	0.7069271	0.5004772	0.3385570	0.0231990	-0.0530396	-0.0300559	-0.2500052	0.2598728	0.2401288
0.6800000	0.3055180	0.2131404	-0.8143182	0.7085336	0.4974184	0.3420941	0.0205846	-0.0505030	-0.0276072	-0.2475247	0.2580246	0.2377299
0.6900000	0.3125544	0.2178470	-0.8104402	0.7098622	0.4941363	0.3455471	0.0180034	-0.0479787	-0.0251904	-0.2449219	0.2560663	0.2352261
0.7000000	0.3195995	0.2225446	-0.8065580	0.7109154	0.4906374	0.3489128	0.0154564	-0.0454679	-0.0228062	-0.2422006	0.2540010	0.2326211
0.7100000	0.3266508	0.2272310	-0.8026725	0.7116958	0.4869285	0.3521883	0.0129447	-0.0429718	-0.0204555	-0.2393647	0.2518316	0.2299186
0.7200000	0.3337059	0.2319039	-0.7987843	0.7122065	0.4830163	0.3553709	0.0104691	-0.0404918	-0.0181391	-0.2364179	0.2495612	0.2271223
0.7300000	0.3407623	0.2365612	-0.7948940	0.7124505	0.4789074	0.3584578	0.0080306	-0.0380290	-0.0158577	-0.2333641	0.2471928	0.2242360
0.7400000	0.3478175	0.2412008	-0.7910022	0.7124311	0.4746085	0.3614467	0.0056301	-0.0355847	-0.0136119	-0.2302072	0.2447292	0.2212634
0.7500000	0.3548694	0.2458207	-0.7871097	0.7121516	0.4701262	0.3643351	0.0032684	-0.0331600	-0.0114024	-0.2269510	0.2421735	0.2182080
0.7600000	0.3619154	0.2504187	-0.7832169	0.7116157	0.4654674	0.3671209	0.0009462	-0.0307560	-0.0092299	-0.2235993	0.2395285	0.2150735
0.7700000	0.3689534	0.2549928	-0.7793245	0.7108270	0.4606385	0.3698020	-0.0013357	-0.0283740	-0.0070947	-0.2201561	0.2367973	0.2118635
0.7800000	0.3759811	0.2595411	-0.7754331	0.7097894	0.4556461	0.3723767	-0.0035766	-0.0260149	-0.0049975	-0.2166253	0.2339828	0.2085815
0.7900000	0.3829963	0.2640616	-0.7715432	0.7085069	0.4504970	0.3748431	-0.0057760	-0.0236800	-0.0029387	-0.2130106	0.2310879	0.2052312
0.8000000	0.3899968	0.2685524	-0.7676552	0.7069836	0.4451975	0.3771999	-0.0079331	-0.0213700	-0.0009187	-0.2093160	0.2281156	0.2018160
0.8100000	0.3969806	0.2730116	-0.7637698	0.7052237	0.4397541	0.3794456	-0.0100475	-0.0190862	0.0010620	-0.2055453	0.2250686	0.1983393
0.8200000	0.4039455	0.2774375	-0.7598875	0.7032315	0.4341732	0.3815790	-0.0121186	-0.0168295	0.0030031	-0.2017023	0.2219498	0.1948047
0.8300000	0.4108895	0.2818282	-0.7560087	0.7010116	0.4284612	0.3835992	-0.0141460	-0.0146008	0.0049044	-0.1977909	0.2187623	0.1912154
0.8400000	0.4178106	0.2861819	-0.7521338	0.6985685	0.4226244	0.3855054	-0.0161291	-0.0124010	0.0067654	-0.1938149	0.2155087	0.1875749
0.8500000	0.4247069	0.2904970	-0.7482634	0.6959068	0.4166690	0.3872968	-0.0180677	-0.0102311	0.0085860	-0.1897781	0.2121920	0.1838864
0.8600000	0.4315764	0.2947719	-0.7443979	0.6930313	0.4106011	0.3889730	-0.0199613	-0.0080918	0.0103659	-0.1856842	0.2088149	0.1801532
0.8700000	0.4384174	0.2990047	-0.7405378	0.6899468	0.4044268	0.3905336	-0.0218097	-0.0059841	0.0121050	-0.1815370	0.2053802	0.1763786
0.8800000	0.4452279	0.3031941	-0.7366833	0.6866583	0.3981520	0.3919786	-0.0236125	-0.0039087	0.0138030	-0.1773402	0.2018907	0.1725657
0.8900000	0.4520062	0.3073385	-0.7328350	0.6831707	0.3917826	0.3933078	-0.0253695	-0.0018663	0.0154599	-0.1730974	0.1983492	0.1687176
0.9000000	0.4587506	0.3114364	-0.7289932	0.6794891	0.3853244	0.3945215	-0.0270804	0.0001423	0.0170756	-0.1688123	0.1947585	0.1648374
0.9100000	0.4654593	0.3154863	-0.7251582	0.6756186	0.3787832	0.3956200	-0.0287452	0.0021164	0.0186499	-0.1644886	0.1911211	0.1609282
0.9200000	0.4721309	0.3194868	-0.7213306	0.6715644	0.3721645	0.3966038	-0.0303635	0.0040553	0.0201829	-0.1601298	0.1874399	0.1569930
0.9300000	0.4787635	0.3234366	-0.7175105	0.6673317	0.3654738	0.3974735	-0.0319354	0.0059585	0.0216745	-0.1557394	0.1837175	0.1530347
0.9400000	0.4853557	0.3273344	-0.7136984	0.6629257	0.3587166	0.3982299	-0.0334608	0.0078253	0.0231247	-0.1513210	0.1799565	0.1490561
0.9500000	0.4919060	0.3311789	-0.7098945	0.6583517	0.3518981	0.3988739	-0.0349394	0.0096551	0.0245336	-0.1468780	0.1761596	0.1450601
0.9600000	0.4984129	0.3349690	-0.7060993	0.6536151	0.3450236	0.3994066	-0.0363715	0.0114474	0.0259012	-0.1424137	0.1723294	0.1410495
0.9700000	0.5048749	0.3387033	-0.7023129	0.6487213	0.3380981	0.3998292	-0.0377569	0.0132017	0.0272276	-0.1379317	0.1684684	0.1370271
0.9800000	0.5112908	0.3423810	-0.6985358	0.6436755	0.3311268	0.4001429	-0.0390956	0.0149176	0.0285129	-0.1334351	0.1645793	0.1329955
0.9900000	0.5176592	0.3460007	-0.6947681	0.6384831	0.3241143	0.4003493	-0.0403879	0.0165946	0.0297571	-0.1289273	0.1606645	0.1289573
1.0000000	0.5239787	0.3495616	-0.6910102	0.6331497	0.3170657	0.4004499	-0.0416336	0.0182322	0.0309606	-0.1244115	0.1567266	0.1249151
1.0100000	0.5302481	0.3530627	-0.6872623	0.6276805	0.3099854	0.4004463	-0.0428330	0.0198302	0.0321233	-0.1198908	0.1527680	0.1208715
1.0200000	0.5364663	0.3565029	-0.6835247	0.6220810	0.3028782	0.4003404	-0.0439862	0.0213882	0.0332455	-0.1153683	0.1487911	0.1168288
1.0300000	0.5426321	0.3598816	-0.6797976	0.6163565	0.2957484	0.4001341	-0.0450933	0.0229058	0.0343273	-0.1108471	0.1447985	0.1127896
1.0400000	0.5487443	0.3631977	-0.6760813	0.6105124	0.2886005	0.3998292	-0.0461546	0.0243827	0.0353690	-0.1063302	0.1407924	0.1087561
1.0500000	0.5548019	0.3664506	-0.6723759	0.6045542	0.2814386	0.3994280	-0.0471702	0.0258189	0.0363709	-0.1018205	0.1367753	0.1047307
1.0600000	0.5608039	0.3696395	-0.6686818	0.5984871	0.2742670	0.3989325	-0.0481404	0.0272139	0.0373331	-0.0973209	0.1327495	0.1007157
1.0700000	0.5667493	0.3727636	-0.6649992	0.5923165	0.2670897	0.3983450	-0.0490655	0.0285676	0.0382559	-0.0928342	0.1287173	0.0967132
1.0800000	0.5726371	0.3758225	-0.6613282	0.5860476	0.2599106	0.3976678	-0.0499456	0.0298799	0.0391396	-0.0883632	0.1246810	0.0927254
1.0900000	0.5784664	0.3788154	-0.6576690	0.5796859	0.2527336	0.3969033	-0.0507812	0.0311507	0.0399845	-0.0839105	0.1206427	0.0887543
1.1000000	0.5842364	0.3817418	-0.6540218	0.5732364	0.2455624	0.3960538	-0.0515726	0.0323797	0.0407909	-0.0794789	0.1166049	0.0848020
1.1100000	0.5899464	0.3846012	-0.6503869	0.5667043	0.2384007	0.3951219	-0.0523200	0.0335671	0.0415591	-0.0750708	0.1125695	0.0808705
1.1200000	0.5955954	0.3873932	-0.6467643	0.5600949	0.2312520	0.3941101	-0.0530239	0.0347126	0.0422893	-0.0706887	0.1085387	0.0769617
1.1300000	0.6011828	0.3901174	-0.6431544	0.5534133	0.2241197	0.3930210	-0.0536846	0.0358164	0.0429821	-0.0663352	0.1045148	0.0730776
1.1400000	0.6067079	0.3927733	-0.6395571	0.5466645	0.2170072	0.3918572	-0.0543025	0.0368784	0.0436377	-0.0620125	0.1004997	0.0692198
1.1500000	0.6121700	0.3953607	-0.6359727	0.5398534	0.2099178	0.3906214	-0.0548780	0.0378986	0.0442564	-0.0577230	0.0964955	0.0653902
1.1600000	0.6175686	0.3978793	-0.6324013	0.5329852	0.2028546	0.3893162	-0.0554117	0.0388771	0.0448387	-0.0534689	0.0925042	0.0615905
1.1700000	0.6229030	0.4003288	-0.6288431	0.5260646	0.1958207	0.3879443	-0.0559038	0.0398141	0.0453849	-0.0492524	0.0885279	0.0578223
1.1800000	0.6281728	0.4027091	-0.6252982	0.5190966	0.1888190	0.3865085	-0.0563549	0.0407096	0.0458954	-0.0450756	0.0845683	0.0540873
1.1900000	0.6333774	0.4050200	-0.6217668	0.5120858	0.1818525	0.3850114	-0.0567654	0.0415638	0.0463706	-0.0409406	0.0806275	0.0503871
1.2000000	0.6385165	0.4072615	-0.6182489	0.5050371	0.1749239	0.3834558	-0.0571359	0.0423768	0.0468110	-0.0368492	0.0767074	0.0467231
1.2100000	0.6435895	0.4094335	-0.6147446	0.4979550	0.1680360	0.3818444	-0.0574668	0.0431489	0.0472169	-0.0328035	0.0728097	0.0430967
1.2200000	0.6485962	0.4115358	-0.6112542	0.4908442	0.1611914	0.3801799	-0.0577587	0.0438802	0.0475888	-0.0288052	0.0689362	0.0395095
1.2300000	0.6535362	0.4135687	-0.6077776	0.4837091	0.1543927	0.3784651	-0.0580120	0.0445711	0.0479271	-0.0248561	0.0650888	0.0359628
1.2400000	0.6584092	0.4155321	-0.6043151	0.4765542	0.1476423	0.3767026	-0.0582274	0.0452217	0.0482322	-0.0209580	0.0612691	0.0324578
1.2500000	0.6632150	0.4174262	-0.6008666	0.4693839	0.1409427	0.3748951	-0.0584054	0.0458323	0.0485047	-0.0171124	0.0574788	0.0289959
1.2600000	0.6679533	0.4192510	-0.5974324	0.4622025	0.1342961	0.3730453	-0.0585465	0.0464033	0.0487448	-0.0133210	0.0537196	0.0255782
1.2700000	0.6726239	0.4210068	-0.5940124	0.4550141	0.1277048	0.3711558	-0.0586513	0.0469350	0.0489532	-0.0095851	0.0499931	0.0222059
1.2800000	0.6772268	0.4226938	-0.5906068	0.4478229	0.1211710	0.3692293	-0.0587204	0.0474276	0.0491302	-0.0059064	0.0463008	0.0188801
1.2900000	0.6817617	0.4243123	-0.5872156	0.4406330	0.1146968	0.3672682	-0.0587544	0.0478817	0.0492764	-0.0022860	0.0426443	0.0156018
1.3000000	0.6862287	0.4258625	-0.5838389	0.4334483	0.1082842	0.3652752	-0.0587539	0.0482976	0.0493922	0.0012746	0.0390251	0.0123722
1.3100000	0.6906276	0.4273448	-0.5804768	0.4262728	0.1019351	0.3632526	-0.0587195	0.0486756	0.0494781	0.0047743	0.0354445	0.0091922
1.3200000	0.6949585	0.4287595	-0.5771293	0.4191102	0.0956515	0.3612031	-0.0586518	0.0490163	0.0495345	0.0082118	0.0319041	0.0060626
1.3300000	0.6992214	0.4301070	-0.5737965	0.4119643	0.0894351	0.3591288	-0.0585515	0.0493199	0.0495620	0.0115861	0.0284052	0.0029845
1.3400000	0.7034163	0.4313878	-0.5704785	0.4048387	0.0832878	0.3570323	-0.0584191	0.0495871	0.0495611	0.0148961	0.0249490	-0.0000415
1.3500000	0.7075434	0.4326023	-0.5671753	0.3977371	0.0772113	0.3549159	-0.0582553	0.0498183	0.0495323	0.0181408	0.0215370	-0.0030144
1.3600000	0.7116027	0.4337511	-0.5638870	0.3906627	0.0712071	0.3527816	-0.0580609	0.0500139	0.0494760	0.0213194	0.0181703	-0.0059336
1.3700000	0.7155944	0.4348346	-0.5606136	0.3836191	0.0652768	0.3506319	-0.0578363	0.0501744	0.0493928	0.0244309	0.0148501	-0.0087983
1.3800000	0.7195187	0.4358534	-0.5573551	0.3766096	0.0594220	0.3484687	-0.0575822	0.0503005	0.0492832	0.0274747	0.0115776	-0.0116079
1.3900000	0.7233758	0.4368081	-0.5541116	0.3696373	0.0536442	0.3462941	-0.0572994	0.0503925	0.0491477	0.0304498	0.0083539	-0.0143618
1.4000000	0.7271659	0.4376992	-0.5508831	0.3627054	0.0479446	0.3441103	-0.0569885	0.0504511	0.0489868	0.0333558	0.0051801	-0.0170593
1.4100000	0.7308893	0.4385276	-0.5476697	0.3558169	0.0423247	0.3419190	-0.0566502	0.0504768	0.0488010	0.0361919	0.0020572	-0.0197000
1.4200000	0.7345464	0.4392937	-0.5444714	0.3489748	0.0367858	0.3397222	-0.0562850	0.0504701	0.0485908	0.0389576	-0.0010139	-0.0222833
1.4300000	0.7381373	0.4399984	-0.5412881	0.3421819	0.0313290	0.3375217	-0.0558938	0.0504317	0.0483568	0.0416525	-0.0040320	-0.0248088
1.4400000	0.7416626	0.4406422	-0.5381200	0.3354410	0.0259556	0.3353193	-0.0554771	0.0503622	0.0480996	0.0442760	-0.0069965	-0.0272760
1.4500000	0.7451225	0.4412261	-0.5349671	0.3287548	0.0206667	0.3331166	-0.0550356	0.0502621	0.0478195	0.0468279	-0.0099063	-0.0296847
1.4600000	0.7485174	0.4417506	-0.5318292	0.3221260	0.0154634	0.3309153	-0.0545701	0.0501320	0.0475172	0.0493077	-0.0127607	-0.0320344
1.4700000	0.7518479	0.4422167	-0.5287066	0.3155569	0.0103466	0.3287169	-0.0540812	0.0499726	0.0471932	0.0517152	-0.0155590	-0.0343248
1.4800000	0.7551143	0.4426251	-0.5255992	0.3090500	0.0053174	0.3265228	-0.0535696	0.0497845	0.0468480	0.0540502	-0.0183003	-0.0365557
1.4900000	0.7583171	0.4429766	-0.5225069	0.3026077	0.0003766	0.3243345	-0.0530360	0.0495683	0.0464821	0.0563124	-0.0209840	-0.0387269
1.5000000	0.7614569	0.4432721	-0.5194298	0.2962322	-0.0044748	0.3221532	-0.0524810	0.0493247	0.0460961	0.0585019	-0.0236094	-0.0408381
1.5100000	0.7645342	0.4435125	-0.5163680	0.2899257	-0.0092360	0.3199804	-0.0519053	0.0490542	0.0456905	0.0606185	-0.0261760	-0.0428892
1.5200000	0.7675494	0.4436987	-0.5133213	0.2836903	-0.0139063	0.3178171	-0.0513097	0.0487577	0.0452659	0.0626622	-0.0286831	-0.0448800
1.5300000	0.7705032	0.4438315	-0.5102898	0.2775278	-0.0184849	0.3156645	-0.0506947	0.0484356	0.0448228	0.0646331	-0.0311303	-0.0468106
1.5400000	0.7733962	0.4439119	-0.5072735	0.2714403	-0.0229712	0.3135237	-0.0500611	0.0480888	0.0443617	0.0665312	-0.0335171	-0.0486808
1.5500000	0.7762289	0.4439408	-0.5042724	0.2654295	-0.0273644	0.3113956	-0.0494096	0.0477177	0.0438831	0.0683566	-0.0358431	-0.0504906
1.5600000	0.7790020	0.4439191	-0.5012865	0.2594972	-0.0316641	0.3092813	-0.0487408	0.0473232	0.0433877	0.0701095	-0.0381078	-0.0522400
1.5700000	0.7817162	0.4438478	-0.4983158	0.2536451	-0.0358697	0.3071814	-0.0480554	0.0469059	0.0428758	0.0717901	-0.0403109	-0.0539290
1.5800000	0.7843720	0.4437280	-0.4953602	0.2478746	-0.0399807	0.3050969	-0.0473541	0.0464665	0.0423482	0.0733987	-0.0424521	-0.0555578
1.5900000	0.7869703	0.4435605	-0.4924197	0.2421873	-0.0439966	0.3030284	-0.0466375	0.0460056	0.0418052	0.0749355	-0.0445311	-0.0571264
1.6000000	0.7895117	0.4433463	-0.4894944	0.2365846	-0.0479170	0.3009767	-0.0459064	0.0455239	0.0412475	0.0764010	-0.0465477	-0.0586350
1.6100000	0.7919968	0.4430866	-0.4865841	0.2310678	-0.0517416	0.2989423	-0.0451613	0.0450221	0.0406756	0.0777954	-0.0485018	-0.0600838
1.6200000	0.7944265	0.4427822	-0.4836890	0.2256381	-0.0554700	0.2969258	-0.0444029	0.0445009	0.0400900	0.0791193	-0.0503931	-0.0614729
1.6300000	0.7968015	0.4424342	-0.4808089	0.2202967	-0.0591020	0.2949277	-0.0436319	0.0439610	0.0394912	0.0803730	-0.0522215	-0.0628025
1.6400000	0.7991225	0.4420437	-0.4779438	0.2150447	-0.0626374	0.2929484	-0.0428490	0.0434030	0.0388798	0.0815570	-0.0539870	-0.0640729
1.6500000	0.8013904	0.4416117	-0.4750938	0.2098831	-0.0660759	0.2909883	-0.0420547	0.0428277	0.0382563	0.0826719	-0.0556896	-0.0652844
1.6600000	0.8036058	0.4411392	-0.4722588	0.2048127	-0.0694174	0.2890477	-0.0412497	0.0422357	0.0376212	0.0837182	-0.0573292	-0.0664373
1.6700000	0.8057697	0.4406273	-0.4694387	0.1998346	-0.0726618	0.2871269	-0.0404348	0.0416276	0.0369751	0.0846964	-0.0589059	-0.0675319
1.6800000	0.8078827	0.4400770	-0.4666335	0.1949494	-0.0758091	0.2852261	-0.0396104	0.0410043	0.0363184	0.0856074	-0.0604198	-0.0685686
1.6900000	0.8099459	0.4394894	-0.4638432	0.1901578	-0.0788593	0.2833455	-0.0387772	0.0403662	0.0356518	0.0864515	-0.0618709	-0.0695478
1.7000000	0.8119598	0.4388656	-0.4610678	0.1854606	-0.0818123	0.2814852	-0.0379358	0.0397142	0.0349756	0.0872297	-0.0632596	-0.0704698
1.7100000	0.8139256	0.4382066	-0.4583073	0.1808581	-0.0846682	0.2796452	-0.0370869	0.0390488	0.0342906	0.0879425	-0.0645858	-0.0713351
1.7200000	0.8158438	0.4375135	-0.4555615	0.1763510	-0.0874271	0.2778257	-0.0362311	0.0383708	0.0335970	0.0885907	-0.0658499	-0.0721442
1.7300000	0.8177155	0.4367873	-0.4528305	0.1719397	-0.0900893	0.2760265	-0.0353690	0.0376807	0.0328956	0.0891751	-0.0670522	-0.0728975
1.7400000	0.8195415	0.4360292	-0.4501142	0.1676244	-0.0926548	0.2742478	-0.0345011	0.0369793	0.0321867	0.0896964	-0.0681928	-0.0735955
1.7500000	0.8213227	0.4352402	-0.4474126	0.1634056	-0.0951239	0.2724893	-0.0336280	0.0362672	0.0314708	0.0901555	-0.0692722	-0.0742388
1.7600000	0.8230600	0.4344213	-0.4447256	0.1592833	-0.0974969	0.2707509	-0.0327504	0.0355451	0.0307486	0.0905532	-0.0702907	-0.0748279
1.7700000	0.8247541	0.4335736	-0.4420533	0.1552579	-0.0997741	0.2690326	-0.0318688	0.0348135	0.0300205	0.0908904	-0.0712487	-0.0753633
1.7800000	0.8264062	0.4326983	-0.4393955	0.1513293	-0.1019559	0.2673341	-0.0309837	0.0340731	0.0292869	0.0911679	-0.0721465	-0.0758457
1.7900000	0.8280169	0.4317962	-0.4367522	0.1474976	-0.1040425	0.2656552	-0.0300959	0.0333246	0.0285484	0.0913866	-0.0729848	-0.0762756
1.8000000	0.8295874	0.4308686	-0.4341234	0.1437628	-0.1060346	0.2639956	-0.0292057	0.0325685	0.0278054	0.0915476	-0.0737638	-0.0766537
1.8100000	0.8311183	0.4299165	-0.4315091	0.1401249	-0.1079324	0.2623552	-0.0283137	0.0318055	0.0270585	0.0916516	-0.0744842	-0.0769805
1.8200000	0.8326107	0.4289408	-0.4289091	0.1365835	-0.1097366	0.2607336	-0.0274205	0.0310361	0.0263081	0.0916996	-0.0751465	-0.0772569
1.8300000	0.8340655	0.4279427	-0.4263235	0.1331386	-0.1114477	0.2591304	-0.0265266	0.0302610	0.0255546	0.0916927	-0.0757512	-0.0774834
1.8400000	0.8354836	0.4269232	-0.4237521	0.1297900	-0.1130662	0.2575454	-0.0256326	0.0294808	0.0247987	0.0916317	-0.0762990	-0.0776607
1.8500000	0.8368659	0.4258833	-0.4211951	0.1265372	-0.1145927	0.2559782	-0.0247389	0.0286960	0.0240406	0.0915178	-0.0767905	-0.0777896
1.8600000	0.8382134	0.4248240	-0.4186522	0.1233799	-0.1160280	0.2544285	-0.0238460	0.0279073	0.0232810	0.0913519	-0.0772262	-0.0778707
1.8700000	0.8395269	0.4237464	-0.4161234	0.1203178	-0.1173727	0.2528958	-0.0229545	0.0271151	0.0225201	0.0911350	-0.0776069	-0.0779048
1.8800000	0.8408073	0.4226515	-0.4136088	0.1173504	-0.1186275	0.2513797	-0.0220649	0.0263201	0.0217586	0.0908682	-0.0779333	-0.0778927
1.8900000	0.8420556	0.4215402	-0.4111082	0.1144771	-0.1197932	0.2498799	-0.0211775	0.0255227	0.0209967	0.0905525	-0.0782060	-0.0778351
1.9000000	0.8432727	0.4204136	-0.4086217	0.1116974	-0.1208706	0.2483958	-0.0202929	0.0247236	0.0202351	0.0901890	-0.0784259	-0.0777328
1.9100000	0.8444596	0.4192726	-0.4061490	0.1090107	-0.1218605	0.2469272	-0.0194116	0.0239232	0.0194740	0.0897787	-0.0785936	-0.0775865
1.9200000	0.8456170	0.4181182	-0.4036903	0.1064165	-0.1227637	0.2454735	-0.0185340	0.0231222	0.0187139	0.0893228	-0.0787100	-0.0773972
1.9300000	0.8467460	0.4169514	-0.4012454	0.1039138	-0.1235812	0.2440344	-0.0176605	0.0223209	0.0179553	0.0888222	-0.0787759	-0.0771656
1.9400000	0.8478474	0.4157731	-0.3988143	0.1015022	-0.1243138	0.2426092	-0.0167916	0.0215199	0.0171985	0.0882782	-0.0787919	-0.0768925
1.9500000	0.8489222	0.4145843	-0.3963970	0.0991807	-0.1249625	0.2411977	-0.0159277	0.0207197	0.0164439	0.0876917	-0.0787591	-0.0765788
1.9600000	0.8499712	0.4133859	-0.3939933	0.0969487	-0.1255283	0.2397994	-0.0150692	0.0199207	0.0156921	0.0870639	-0.0786783	-0.0762253
1.9700000	0.8509954	0.4121789	-0.3916032	0.0948052	-0.1260123	0.2384138	-0.0142165	0.0191236	0.0149432	0.0863959	-0.0785502	-0.0758329
1.9800000	0.8519956	0.4109640	-0.3892268	0.0927493	-0.1264154	0.2370404	-0.0133700	0.0183286	0.0141978	0.0856887	-0.0783758	-0.0754024
1.9900000	0.8529727	0.4097423	-0.3868638	0.0907803	-0.1267386	0.2356789	-0.0125302	0.0175362	0.0134562	0.0849436	-0.0781561	-0.0749347
2.0000000	0.8539275	0.4085146	-0.3845144	0.0888970	-0.1269832	0.2343288	-0.0116973	0.0167470	0.0127188	0.0841615	-0.0778918	-0.0744307
2.0100000	0.8548611	0.4072817	-0.3821783	0.0870986	-0.1271503	0.2329896	-0.0108717	0.0159613	0.0119859	0.0833437	-0.0775840	-0.0738913
2.0200000	0.8557741	0.4060446	-0.3798556	0.0853841	-0.1272408	0.2316609	-0.0100539	0.0151796	0.0112579	0.0824912	-0.0772335	-0.0733174
2.0300000	0.8566676	0.4048041	-0.3775462	0.0837523	-0.1272562	0.2303423	-0.0092441	0.0144022	0.0105351	0.0816052	-0.0768414	-0.0727098
2.0400000	0.8575422	0.4035609	-0.3752500	0.0822023	-0.1271974	0.2290334	-0.0084427	0.0136296	0.0098180	0.0806866	-0.0764085	-0.0720695
2.0500000	0.8583990	0.4023160	-0.3729670	0.0807330	-0.1270658	0.2277337	-0.0076500	0.0128621	0.0091067	0.0797368	-0.0759359	-0.0713974
2.0600000	0.8592386	0.4010701	-0.3706971	0.0793433	-0.1268627	0.2264429	-0.0068663	0.0121001	0.0084017	0.0787567	-0.0754245	-0.0706943
2.0700000	0.8600620	0.3998241	-0.3684403	0.0780319	-0.1265891	0.2251606	-0.0060920	0.0113441	0.0077033	0.0777475	-0.0748753	-0.0699613
2.0800000	0.8608699	0.3985786	-0.3661966	0.0767978	-0.1262465	0.2238864	-0.0053273	0.0105943	0.0070117	0.0767103	-0.0742893	-0.0691991
2.0900000	0.8616632	0.3973344	-0.3639657	0.0756398	-0.1258362	0.2226199	-0.0045725	0.0098511	0.0063273	0.0756462	-0.0736674	-0.0684088
2.1000000	0.8624426	0.3960924	-0.3617478	0.0745567	-0.1253594	0.2213608	-0.0038279	0.0091149	0.0056504	0.0745562	-0.0730108	-0.0675913
2.1100000	0.8632090	0.3948532	-0.3595427	0.0735472	-0.1248174	0.2201088	-0.0030938	0.0083859	0.0049812	0.0734415	-0.0723204	-0.0667475
2.1200000	0.8639631	0.3936175	-0.3573504	0.0726102	-0.1242118	0.2188634	-0.0023704	0.0076645	0.0043200	0.0723031	-0.0715972	-0.0658783
2.1300000	0.8647057	0.3923860	-0.3551708	0.0717443	-0.1235438	0.2176245	-0.0016579	0.0069510	0.0036671	0.0711422	-0.0708422	-0.0649846
2.1400000	0.8654375	0.3911594	-0.3530039	0.0709484	-0.1228147	0.2163916	-0.0009567	0.0062457	0.0030227	0.0699597	-0.0700566	-0.0640674
2.1500000	0.8661593	0.3899384	-0.3508495	0.0702210	-0.1220261	0.2151645	-0.0002668	0.0055488	0.0023872	0.0687568	-0.0692411	-0.0631276
2.1600000	0.8668719	0.3887237	-0.3487078	0.0695611	-0.1211793	0.2139430	0.0004114	0.0048606	0.0017606	0.0675346	-0.0683970	-0.0621661
2.1700000	0.8675758	0.3875158	-0.3465785	0.0689671	-0.1202758	0.2127267	0.0010777	0.0041815	0.0011434	0.0662940	-0.0675252	-0.0611838
2.1800000	0.8682720	0.3863154	-0.3444616	0.0684378	-0.1193169	0.2115154	0.0017320	0.0035116	0.0005356	0.0650361	-0.0666268	-0.0601817
2.1900000	0.8689609	0.3851231	-0.3423571	0.0679719	-0.1183042	0.2103089	0.0023741	0.0028512	-0.0000625	0.0637620	-0.0657028	-0.0591607
2.2000000	0.8696435	0.3839394	-0.3402649	0.0675681	-0.1172391	0.2091070	0.0030038	0.0022005	-0.0006506	0.0624726	-0.0647541	-0.0581216
2.2100000	0.8703202	0.3827650	-0.3381850	0.0672250	-0.1161230	0.2079095	0.0036209	0.0015597	-0.0012287	0.0611691	-0.0637819	-0.0570654
2.2200000	0.8709918	0.3816004	-0.3361173	0.0669412	-0.1149574	0.2067161	0.0042253	0.0009291	-0.0017965	0.0598523	-0.0627871	-0.0559931
2.2300000	0.8716589	0.3804462	-0.3340617	0.0667154	-0.1137439	0.2055268	0.0048169	0.0003088	-0.0023538	0.0585233	-0.0617707	-0.0549054
2.2400000	0.8723221	0.3793028	-0.3320181	0.0665462	-0.1124838	0.2043413	0.0053954	-0.0003009	-0.0029004	0.0571831	-0.0607338	-0.0538033
2.2500000	0.8729822	0.3781708	-0.3299866	0.0664322	-0.1111788	0.2031595	0.0059608	-0.0009000	-0.0034363	0.0558326	-0.0596773	-0.0526878
2.2600000	0.8736396	0.3770507	-0.3279671	0.0663722	-0.1098302	0.2019813	0.0065129	-0.0014881	-0.0039612	0.0544728	-0.0586023	-0.0515595
2.2700000	0.8742950	0.3759429	-0.3259594	0.0663646	-0.1084396	0.2008065	0.0070517	-0.0020652	-0.0044750	0.0531047	-0.0575098	-0.0504196
2.2800000	0.8749490	0.3748479	-0.3239636	0.0664082	-0.1070084	0.1996351	0.0075771	-0.0026311	-0.0049776	0.0517292	-0.0564007	-0.0492687
2.2900000	0.8756021	0.3737661	-0.3219795	0.0665015	-0.1055382	0.1984670	0.0080889	-0.0031856	-0.0054689	0.0503473	-0.0552760	-0.0481079
2.3000000	0.8762549	0.3726981	-0.3200072	0.0666432	-0.1040305	0.1973021	0.0085871	-0.0037287	-0.0059487	0.0489597	-0.0541367	-0.0469378
2.3100000	0.8769079	0.3716441	-0.3180465	0.0668319	-0.1024868	0.1961403	0.0090716	-0.0042602	-0.0064169	0.0475675	-0.0529837	-0.0457595
2.3200000	0.8775616	0.3706045	-0.3160975	0.0670662	-0.1009085	0.1949816	0.0095424	-0.0047800	-0.0068734	0.0461716	-0.0518181	-0.0445737
2.3300000	0.8782166	0.3695799	-0.3141600	0.0673448	-0.0992972	0.1938260	0.0099993	-0.0052880	-0.0073182	0.0447727	-0.0506407	-0.0433813
2.3400000	0.8788734	0.3685704	-0.3122339	0.0676662	-0.0976543	0.1926733	0.0104424	-0.0057840	-0.0077511	0.0433719	-0.0494526	-0.0421830
2.3500000	0.8795324	0.3675765	-0.3103193	0.0680292	-0.0959814	0.1915237	0.0108717	-0.0062681	-0.0081721	0.0419698	-0.0482545	-0.0409797
2.3600000	0.8801942	0.3665985	-0.3084161	0.0684323	-0.0942799	0.1903771	0.0112870	-0.0067401	-0.0085811	0.0405674	-0.0470475	-0.0397723
2.3700000	0.8808591	0.3656367	-0.3065241	0.0688741	-0.0925513	0.1892335	0.0116885	-0.0072000	-0.0089781	0.0391655	-0.0458325	-0.0385614
2.3800000	0.8815276	0.3646914	-0.3046435	0.0693534	-0.0907971	0.1880929	0.0120760	-0.0076477	-0.0093630	0.0377648	-0.0446103	-0.0373479
2.3900000	0.8822002	0.3637629	-0.3027740	0.0698688	-0.0890187	0.1869554	0.0124496	-0.0080831	-0.0097358	0.0363662	-0.0433818	-0.0361325
2.4000000	0.8828772	0.3628515	-0.3009156	0.0704189	-0.0872176	0.1858210	0.0128092	-0.0085062	-0.0100964	0.0349705	-0.0421479	-0.0349161
2.4100000	0.8835591	0.3619574	-0.2990683	0.0710025	-0.0853952	0.1846897	0.0131550	-0.0089170	-0.0104449	0.0335784	-0.0409095	-0.0336992
2.4200000	0.8842462	0.3610808	-0.2972321	0.0716181	-0.0835530	0.1835616	0.0134869	-0.0093155	-0.0107811	0.0321907	-0.0396674	-0.0324828
2.4300000	0.8849389	0.3602220	-0.2954068	0.0722645	-0.0816924	0.1824368	0.0138050	-0.0097015	-0.0111052	0.0308080	-0.0384225	-0.0312675
2.4400000	0.8856375	0.3593813	-0.2935924	0.0729403	-0.0798148	0.1813153	0.0141093	-0.0100752	-0.0114170	0.0294311	-0.0371755	-0.0300540
2.4500000	0.8863425	0.3585587	-0.2917888	0.0736443	-0.0779216	0.1801972	0.0143998	-0.0104365	-0.0117167	0.0280608	-0.0359273	-0.0288430
2.4600000	0.8870541	0.3577544	-0.2899960	0.0743751	-0.0760141	0.1790825	0.0146766	-0.0107854	-0.0120042	0.0266976	-0.0346786	-0.0276353
2.4700000	0.8877727	0.3569688	-0.2882140	0.0751315	-0.0740939	0.1779714	0.0149399	-0.0111219	-0.0122796	0.0253423	-0.0334304	-0.0264314
2.4800000	0.8884984	0.3562018	-0.2864426	0.0759122	-0.0721622	0.1768640	0.0151895	-0.0114460	-0.0125428	0.0239956	-0.0321832	-0.0252321
2.4900000	0.8892318	0.3554536	-0.2846819	0.0767160	-0.0702203	0.1757604	0.0154257	-0.0117578	-0.0127940	0.0226580	-0.0309379	-0.0240379
2.5000000	0.8899729	0.3547243	-0.2829317	0.0775415	-0.0682697	0.1746606	0.0156485	-0.0120573	-0.0130332	0.0213301	-0.0296952	-0.0228496
2.5100000	0.8907221	0.3540142	-0.2811920	0.0783876	-0.0663115	0.1735647	0.0158580	-0.0123445	-0.0132603	0.0200127	-0.0284558	-0.0216678
2.5200000	0.8914796	0.3533232	-0.2794628	0.0792531	-0.0643472	0.1724730	0.0160543	-0.0126195	-0.0134755	0.0187062	-0.0272205	-0.0204930
2.5300000	0.8922456	0.3526514	-0.2777439	0.0801367	-0.0623780	0.1713854	0.0162374	-0.0128823	-0.0136789	0.0174113	-0.0259899	-0.0193258
2.5400000	0.8930204	0.3519989	-0.2760354	0.0810372	-0.0604052	0.1703021	0.0164076	-0.0131330	-0.0138705	0.0161285	-0.0247647	-0.0181669
2.5500000	0.8938041	0.3513659	-0.2743371	0.0819534	-0.0584299	0.1692232	0.0165649	-0.0133716	-0.0140504	0.0148583	-0.0235456	-0.0170167
2.5600000	0.8945970	0.3507522	-0.2726491	0.0828842	-0.0564535	0.1681488	0.0167095	-0.0135982	-0.0142187	0.0136014	-0.0223331	-0.0158759
2.5700000	0.8953992	0.3501580	-0.2709712	0.0838284	-0.0544772	0.1670791	0.0168415	-0.0138129	-0.0143754	0.0123581	-0.0211280	-0.0147450
2.5800000	0.8962109	0.3495832	-0.2693035	0.0847849	-0.0525021	0.1660142	0.0169609	-0.0140158	-0.0145207	0.0111289	-0.0199308	-0.0136244
2.5900000	0.8970323	0.3490279	-0.2676458	0.0857525	-0.0505293	0.1649542	0.0170680	-0.0142069	-0.0146547	0.0099145	-0.0187422	-0.0125147
2.6000000	0.8978634	0.3484921	-0.2659981	0.0867302	-0.0485602	0.1638991	0.0171629	-0.0143864	-0.0147775	0.0087151	-0.0175627	-0.0114164
2.6100000	0.8987045	0.3479758	-0.2643603	0.0877167	-0.0465957	0.1628492	0.0172458	-0.0145542	-0.0148891	0.0075313	-0.0163929	-0.0103300
2.6200000	0.8995556	0.3474789	-0.2627324	0.0887111	-0.0446370	0.1618045	0.0173167	-0.0147107	-0.0149898	0.0063635	-0.0152333	-0.0092559
2.6300000	0.9004168	0.3470013	-0.2611144	0.0897123	-0.0426851	0.1607652	0.0173759	-0.0148557	-0.0150796	0.0052121	-0.0140845	-0.0081945
2.6400000	0.9012882	0.3465432	-0.2595061	0.0907192	-0.0407412	0.1597313	0.0174236	-0.0149895	-0.0151586	0.0040775	-0.0129470	-0.0071463
2.6500000	0.9021699	0.3461043	-0.2579076	0.0917308	-0.0388063	0.1587030	0.0174598	-0.0151122	-0.0152271	0.0029601	-0.0118212	-0.0061118
2.6600000	0.9030620	0.3456846	-0.2563187	0.0927460	-0.0368813	0.1576804	0.0174847	-0.0152238	-0.0152851	0.0018602	-0.0107077	-0.0050912
2.6700000	0.9039645	0.3452841	-0.2547395	0.0937639	-0.0349673	0.1566636	0.0174987	-0.0153246	-0.0153327	0.0007782	-0.0096070	-0.0040850
2.6800000	0.9048775	0.3449026	-0.2531698	0.0947834	-0.0330653	0.1556528	0.0175017	-0.0154146	-0.0153702	-0.0002856	-0.0085194	-0.0030935
2.6900000	0.9058009	0.3445401	-0.2516096	0.0958037	-0.0311761	0.1546479	0.0174940	-0.0154939	-0.0153976	-0.0013309	-0.0074454	-0.0021172
2.7000000	0.9067349	0.3441963	-0.2500589	0.0968237	-0.0293008	0.1536491	0.0174759	-0.0155628	-0.0154152	-0.0023574	-0.0063855	-0.0011563
2.7100000	0.9076794	0.3438713	-0.2485175	0.0978426	-0.0274402	0.1526565	0.0174474	-0.0156213	-0.0154231	-0.0033647	-0.0053399	-0.0002111
2.7200000	0.9086345	0.3435649	-0.2469856	0.0988593	-0.0255952	0.1516702	0.0174088	-0.0156696	-0.0154214	-0.0043526	-0.0043092	0.0007180
2.7300000	0.9096001	0.3432770	-0.2454629	0.0998730	-0.0237666	0.1506903	0.0173602	-0.0157078	-0.0154103	-0.0053210	-0.0032937	0.0016307
2.7400000	0.9105761	0.3430073	-0.2439494	0.1008829	-0.0219553	0.1497169	0.0173020	-0.0157361	-0.0153900	-0.0062694	-0.0022937	0.0025268
2.7500000	0.9115627	0.3427558	-0.2424452	0.1018880	-0.0201621	0.1487499	0.0172342	-0.0157546	-0.0153606	-0.0071978	-0.0013095	0.0034059
2.7600000	0.9125597	0.3425223	-0.2409501	0.1028875	-0.0183878	0.1477896	0.0171570	-0.0157635	-0.0153224	-0.0081058	-0.0003416	0.0042680
2.7700000	0.9135670	0.3423066	-0.2394641	0.1038806	-0.0166330	0.1468360	0.0170708	-0.0157630	-0.0152755	-0.0089934	0.0006099	0.0051126
2.7800000	0.9145847	0.3421085	-0.2379871	0.1048665	-0.0148986	0.1458891	0.0169757	-0.0157531	-0.0152201	-0.0098603	0.0015446	0.0059397
2.7900000	0.9156127	0.3419279	-0.2365191	0.1058443	-0.0131852	0.1449490	0.0168718	-0.0157342	-0.0151563	-0.0107064	0.0024622	0.0067489
2.8000000	0.9166508	0.3417645	-0.2350600	0.1068134	-0.0114936	0.1440157	0.0167595	-0.0157063	-0.0150843	-0.0115315	0.0033625	0.0075402
2.8100000	0.9176990	0.3416182	-0.2336098	0.1077730	-0.0098243	0.1430894	0.0166389	-0.0156696	-0.0150044	-0.0123356	0.0042453	0.0083133
2.8200000	0.9187573	0.3414887	-0.2321684	0.1087222	-0.0081781	0.1421699	0.0165103	-0.0156242	-0.0149168	-0.0131183	0.0051103	0.0090681
2.8300000	0.9198254	0.3413759	-0.2307358	0.1096605	-0.0065554	0.1412575	0.0163738	-0.0155704	-0.0148215	-0.0138798	0.0059572	0.0098044
2.8400000	0.9209034	0.3412795	-0.2293120	0.1105871	-0.0049569	0.1403521	0.0162297	-0.0155084	-0.0147188	-0.0146199	0.0067860	0.0105221
2.8500000	0.9219910	0.3411993	-0.2278968	0.1115013	-0.0033832	0.1394537	0.0160782	-0.0154383	-0.0146089	-0.0153384	0.0075965	0.0112211
2.8600000	0.9230882	0.3411350	-0.2264902	0.1124025	-0.0018347	0.1385624	0.0159195	-0.0153602	-0.0144920	-0.0160355	0.0083884	0.0119013
2.8700000	0.9241948	0.3410864	-0.2250923	0.1132901	-0.0003120	0.1376782	0.0157539	-0.0152744	-0.0143683	-0.0167109	0.0091615	0.0125625
2.8800000	0.9253107	0.3410533	-0.2237028	0.1141634	0.0011844	0.1368011	0.0155816	-0.0151810	-0.0142380	-0.0173647	0.0099159	0.0132048
2.8900000	0.9264357	0.3410355	-0.2223218	0.1150218	0.0026542	0.1359310	0.0154027	-0.0150803	-0.0141013	-0.0179968	0.0106513	0.0138280
2.9000000	0.9275697	0.3410326	-0.2209493	0.1158648	0.0040968	0.1350681	0.0152175	-0.0149724	-0.0139583	-0.0186073	0.0113676	0.0144321
2.9100000	0.9287126	0.3410444	-0.2195851	0.1166917	0.0055118	0.1342123	0.0150263	-0.0148575	-0.0138093	-0.0191961	0.0120648	0.0150170
2.9200000	0.9298641	0.3410707	-0.2182293	0.1175021	0.0068989	0.1333636	0.0148292	-0.0147357	-0.0136544	-0.0197633	0.0127426	0.0155828
2.9300000	0.9310241	0.3411112	-0.2168818	0.1182954	0.0082577	0.1325219	0.0146265	-0.0146073	-0.0134939	-0.0203089	0.0134012	0.0161293
2.9400000	0.9321924	0.3411656	-0.2155424	0.1190711	0.0095879	0.1316873	0.0144183	-0.0144725	-0.0133280	-0.0208329	0.0140404	0.0166567
2.9500000	0.9333689	0.3412336	-0.2142113	0.1198287	0.0108891	0.1308598	0.0142050	-0.0143315	-0.0131568	-0.0213354	0.0146601	0.0171649
2.9600000	0.9345533	0.3413150	-0.2128883	0.1205678	0.0121612	0.1300392	0.0139868	-0.0141843	-0.0129806	-0.0218164	0.0152604	0.0176539
2.9700000	0.9357455	0.3414095	-0.2115734	0.1212879	0.0134037	0.1292256	0.0137638	-0.0140313	-0.0127996	-0.0222761	0.0158412	0.0181238
2.9800000	0.9369453	0.3415168	-0.2102666	0.1219886	0.0146164	0.1284190	0.0135362	-0.0138726	-0.0126139	-0.0227145	0.0164025	0.0185746
2.9900000	0.9381524	0.3416366	-0.2089677	0.1226695	0.0157993	0.1276193	0.0133044	-0.0137084	-0.0124237	-0.0231317	0.0169443	0.0190064
3.0000000	0.9393666	0.3417687	-0.2076768	0.1233302	0.0169519	0.1268265	0.0130684	-0.0135389	-0.0122293	-0.0235279	0.0174667	0.0194192
3.0100000	0.9405878	0.3419126	-0.2063938	0.1239703	0.0180742	0.1260404	0.0128286	-0.0133643	-0.0120309	-0.0239031	0.0179696	0.0198131
3.0200000	0.9418158	0.3420682	-0.2051186	0.1245895	0.0191661	0.1252611	0.0125851	-0.0131847	-0.0118286	-0.0242574	0.0184530	0.0201883
3.0300000	0.9430502	0.3422352	-0.2038513	0.1251874	0.0202273	0.1244886	0.0123382	-0.0130004	-0.0116226	-0.0245911	0.0189172	0.0205447
3.0400000	0.9442910	0.3424132	-0.2025917	0.1257637	0.0212578	0.1237226	0.0120880	-0.0128116	-0.0114131	-0.0249043	0.0193620	0.0208825
3.0500000	0.9455378	0.3426019	-0.2013398	0.1263182	0.0222574	0.1229633	0.0118348	-0.0126184	-0.0112003	-0.0251971	0.0197875	0.0212018
3.0600000	0.9467905	0.3428011	-0.2000956	0.1268505	0.0232262	0.1222104	0.0115787	-0.0124210	-0.0109845	-0.0254697	0.0201940	0.0215028
3.0700000	0.9480488	0.3430105	-0.1988591	0.1273605	0.0241640	0.1214640	0.0113201	-0.0122196	-0.0107657	-0.0257223	0.0205813	0.0217856
3.0800000	0.9493124	0.3432296	-0.1976301	0.1278477	0.0250708	0.1207240	0.0110590	-0.0120144	-0.0105442	-0.0259551	0.0209497	0.0220503
3.0900000	0.9505812	0.3434584	-0.1964086	0.1283121	0.0259467	0.1199903	0.0107957	-0.0118056	-0.0103201	-0.0261682	0.0212993	0.0222971
3.1000000	0.9518550	0.3436963	-0.1951947	0.1287535	0.0267915	0.1192628	0.0105304	-0.0115933	-0.0100937	-0.0263619	0.0216301	0.0225261
3.1100000	0.9531334	0.3439432	-0.1939882	0.1291716	0.0276054	0.1185415	0.0102633	-0.0113778	-0.0098651	-0.0265364	0.0219423	0.0227375
3.1200000	0.9544162	0.3441987	-0.1927890	0.1295662	0.0283885	0.1178262	0.0099946	-0.0111593	-0.0096346	-0.0266919	0.0222361	0.0229315
3.1300000	0.9557032	0.3444626	-0.1915973	0.1299373	0.0291406	0.1171169	0.0097244	-0.0109378	-0.0094021	-0.0268286	0.0225115	0.0231083
3.1400000	0.9569942	0.3447344	-0.1904128	0.1302846	0.0298621	0.1164135	0.0094530	-0.0107137	-0.0091681	-0.0269469	0.0227687	0.0232680
3.1500000	0.9582888	0.3450140	-0.1892357	0.1306082	0.0305528	0.1157160	0.0091805	-0.0104870	-0.0089326	-0.0270468	0.0230080	0.0234109
3.1600000	0.9595870	0.3453010	-0.1880657	0.1309078	0.0312130	0.1150241	0.0089072	-0.0102579	-0.0086957	-0.0271287	0.0232294	0.0235372
3.1700000	0.9608883	0.3455951	-0.1869030	0.1311834	0.0318428	0.1143379	0.0086332	-0.0100267	-0.0084578	-0.0271929	0.0234331	0.0236470
3.1800000	0.9621926	0.3458959	-0.1857474	0.1314349	0.0324424	0.1136572	0.0083586	-0.0097934	-0.0082188	-0.0272395	0.0236194	0.0237406
3.1900000	0.9634995	0.3462033	-0.1845988	0.1316623	0.0330118	0.1129820	0.0080838	-0.0095583	-0.0079791	-0.0272689	0.0237884	0.0238183
3.2000000	0.9648090	0.3465169	-0.1834574	0.1318655	0.0335514	0.1123121	0.0078087	-0.0093216	-0.0077387	-0.0272814	0.0239403	0.0238802
3.2100000	0.9661206	0.3468364	-0.1823229	0.1320446	0.0340612	0.1116475	0.0075337	-0.0090834	-0.0074978	-0.0272771	0.0240754	0.0239266
3.2200000	0.9674343	0.3471616	-0.1811954	0.1321995	0.0345415	0.1109881	0.0072589	-0.0088438	-0.0072566	-0.0272565	0.0241938	0.0239578
3.2300000	0.9687496	0.3474920	-0.1800749	0.1323302	0.0349925	0.1103338	0.0069844	-0.0086031	-0.0070152	-0.0272198	0.0242957	0.0239739
3.2400000	0.9700664	0.3478274	-0.1789612	0.1324368	0.0354145	0.1096844	0.0067104	-0.0083613	-0.0067738	-0.0271672	0.0243814	0.0239753
3.2500000	0.9713844	0.3481676	-0.1778544	0.1325193	0.0358077	0.1090400	0.0064371	-0.0081187	-0.0065325	-0.0270992	0.0244511	0.0239622
3.2600000	0.9727034	0.3485122	-0.1767544	0.1325777	0.0361723	0.1084004	0.0061646	-0.0078755	-0.0062915	-0.0270160	0.0245051	0.0239348
3.2700000	0.9740231	0.3488610	-0.1756612	0.1326122	0.0365087	0.1077654	0.0058931	-0.0076317	-0.0060508	-0.0269178	0.0245435	0.0238934
3.2800000	0.9753433	0.3492136	-0.1745746	0.1326228	0.0368172	0.1071351	0.0056227	-0.0073875	-0.0058108	-0.0268051	0.0245667	0.0238383
3.2900000	0.9766637	0.3495698	-0.1734948	0.1326097	0.0370980	0.1065094	0.0053535	-0.0071431	-0.0055714	-0.0266781	0.0245749	0.0237698
3.3000000	0.9779841	0.3499294	-0.1724216	0.1325729	0.0373514	0.1058880	0.0050858	-0.0068986	-0.0053328	-0.0265372	0.0245683	0.0236881
3.3100000	0.9793043	0.3502919	-0.1713550	0.1325125	0.0375778	0.1052710	0.0048195	-0.0066542	-0.0050952	-0.0263827	0.0245472	0.0235935
3.3200000	0.9806240	0.3506572	-0.1702950	0.1324288	0.0377775	0.1046583	0.0045550	-0.0064100	-0.0048586	-0.0262148	0.0245118	0.0234864
3.3300000	0.9819429	0.3510250	-0.1692415	0.1323218	0.0379509	0.1040498	0.0042923	-0.0061662	-0.0046233	-0.0260340	0.0244625	0.0233669
3.3400000	0.9832608	0.3513950	-0.1681945	0.1321918	0.0380983	0.1034453	0.0040315	-0.0059229	-0.0043892	-0.0258406	0.0243995	0.0232353
3.3500000	0.9845776	0.3517670	-0.1671539	0.1320388	0.0382201	0.1028448	0.0037728	-0.0056802	-0.0041566	-0.0256349	0.0243230	0.0230921
3.3600000	0.9858929	0.3521407	-0.1661197	0.1318632	0.0383166	0.1022483	0.0035162	-0.0054382	-0.0039256	-0.0254172	0.0242334	0.0229374
3.3700000	0.9872066	0.3525157	-0.1650919	0.1316651	0.0383883	0.1016556	0.0032620	-0.0051972	-0.0036962	-0.0251878	0.0241309	0.0227715
3.3800000	0.9885183	0.3528920	-0.1640704	0.1314447	0.0384354	0.1010666	0.0030102	-0.0049572	-0.0034687	-0.0249472	0.0240158	0.0225948
3.3900000	0.9898280	0.3532692	-0.1630553	0.1312023	0.0384585	0.1004814	0.0027608	-0.0047183	-0.0032430	-0.0246956	0.0238884	0.0224075
3.4000000	0.9911352	0.3536471	-0.1620463	0.1309380	0.0384579	0.0998997	0.0025142	-0.0044807	-0.0030192	-0.0244334	0.0237490	0.0222099
3.4100000	0.9924400	0.3540254	-0.1610436	0.1306522	0.0384341	0.0993215	0.0022702	-0.0042445	-0.0027976	-0.0241609	0.0235979	0.0220024
3.4200000	0.9937419	0.3544039	-0.1600471	0.1303451	0.0383874	0.0987468	0.0020291	-0.0040098	-0.0025782	-0.0238785	0.0234353	0.0217852
3.4300000	0.9950408	0.3547823	-0.1590567	0.1300169	0.0383183	0.0981755	0.0017910	-0.0037767	-0.0023610	-0.0235865	0.0232616	0.0215587
3.4400000	0.9963365	0.3551605	-0.1580724	0.1296679	0.0382272	0.0976074	0.0015558	-0.0035454	-0.0021462	-0.0232852	0.0230771	0.0213230
3.4500000	0.9976288	0.3555382	-0.1570941	0.1292985	0.0381145	0.0970427	0.0013238	-0.0033159	-0.0019339	-0.0229750	0.0228820	0.0210787
3.4600000	0.9989174	0.3559152	-0.1561219	0.1289089	0.0379807	0.0964810	0.0010950	-0.0030884	-0.0017241	-0.0226563	0.0226766	0.0208258
3.4700000	1.0002022	0.3562912	-0.1551557	0.1284994	0.0378263	0.0959225	0.0008694	-0.0028629	-0.0015169	-0.0223293	0.0224613	0.0205648
3.4800000	1.0014830	0.3566661	-0.1541955	0.1280703	0.0376517	0.0953671	0.0006472	-0.0026395	-0.0013124	-0.0219944	0.0222363	0.0202959
3.4900000	1.0027595	0.3570396	-0.1532411	0.1276219	0.0374573	0.0948146	0.0004285	-0.0024185	-0.0011107	-0.0216519	0.0220020	0.0200195
3.5000000	1.0040316	0.3574115	-0.1522927	0.1271547	0.0372435	0.0942650	0.0002133	-0.0021997	-0.0009119	-0.0213023	0.0217586	0.0197358
3.5100000	1.0052991	0.3577817	-0.1513501	0.1266688	0.0370110	0.0937184	0.0000016	-0.0019834	-0.0007159	-0.0209457	0.0215064	0.0194451
3.5200000	1.0065617	0.3581498	-0.1504133	0.1261647	0.0367601	0.0931745	-0.0002064	-0.0017696	-0.0005230	-0.0205826	0.0212458	0.0191478
3.5300000	1.0078194	0.3585159	-0.1494822	0.1256427	0.0364913	0.0926334	-0.0004107	-0.0015585	-0.0003331	-0.0202133	0.0209770	0.0188441
3.5400000	1.0090719	0.3588795	-0.1485570	0.1251032	0.0362050	0.0920951	-0.0006112	-0.0013500	-0.0001463	-0.0198381	0.0207004	0.0185343
3.5500000	1.0103190	0.3592407	-0.1476374	0.1245464	0.0359018	0.0915594	-0.0008079	-0.0011443	0.0000373	-0.0194573	0.0204162	0.0182187
3.5600000	1.0115606	0.3595991	-0.1467235	0.1239729	0.0355821	0.0910264	-0.0010008	-0.0009414	0.0002177	-0.0190713	0.0201247	0.0178977
3.5700000	1.0127965	0.3599546	-0.1458152	0.1233829	0.0352463	0.0904959	-0.0011897	-0.0007414	0.0003948	-0.0186804	0.0198263	0.0175714
3.5800000	1.0140266	0.3603071	-0.1449126	0.1227768	0.0348951	0.0899680	-0.0013746	-0.0005445	0.0005686	-0.0182849	0.0195212	0.0172402
3.5900000	1.0152506	0.3606563	-0.1440155	0.1221550	0.0345288	0.0894426	-0.0015555	-0.0003506	0.0007391	-0.0178851	0.0192098	0.0169044
3.6000000	1.0164685	0.3610022	-0.1431239	0.1215179	0.0341479	0.0889197	-0.0017324	-0.0001598	0.0009061	-0.0174814	0.0188922	0.0165642
3.6100000	1.0176800	0.3613445	-0.1422379	0.1208659	0.0337529	0.0883992	-0.0019052	0.0000278	0.0010697	-0.0170740	0.0185689	0.0162200
3.6200000	1.0188851	0.3616831	-0.1413573	0.1201994	0.0333442	0.0878811	-0.0020739	0.0002122	0.0012298	-0.0166633	0.0182401	0.0158720
3.6300000	1.0200835	0.3620179	-0.1404821	0.1195188	0.0329224	0.0873654	-0.0022384	0.0003932	0.0013864	-0.0162496	0.0179061	0.0155204
3.6400000	1.0212752	0.3623488	-0.1396124	0.1188244	0.0324880	0.0868520	-0.0023987	0.0005710	0.0015394	-0.0158331	0.0175671	0.0151656
3.6500000	1.0224599	0.3626755	-0.1387480	0.1181167	0.0320413	0.0863410	-0.0025549	0.0007453	0.0016888	-0.0154142	0.0172235	0.0148079
3.6600000	1.0236377	0.3629980	-0.1378890	0.1173961	0.0315830	0.0858323	-0.0027068	0.0009162	0.0018346	-0.0149932	0.0168756	0.0144474
3.6700000	1.0248082	0.3633161	-0.1370352	0.1166630	0.0311133	0.0853259	-0.0028544	0.0010836	0.0019768	-0.0145704	0.0165236	0.0140845
3.6800000	1.0259715	0.3636297	-0.1361868	0.1159179	0.0306329	0.0848217	-0.0029979	0.0012474	0.0021154	-0.0141460	0.0161678	0.0137194
3.6900000	1.0271273	0.3639387	-0.1353435	0.1151610	0.0301422	0.0843197	-0.0031370	0.0014077	0.0022502	-0.0137203	0.0158085	0.0133524
3.7000000	1.0282757	0.3642429	-0.1345055	0.1143928	0.0296417	0.0838200	-0.0032719	0.0015644	0.0023814	-0.0132936	0.0154459	0.0129837
3.7100000	1.0294163	0.3645424	-0.1336726	0.1136138	0.0291318	0.0833225	-0.0034025	0.0017175	0.0025089	-0.0128663	0.0150804	0.0126136
3.7200000	1.0305493	0.3648369	-0.1328449	0.1128244	0.0286129	0.0828272	-0.0035288	0.0018669	0.0026327	-0.0124385	0.0147122	0.0122423
3.7300000	1.0316744	0.3651264	-0.1320223	0.1120249	0.0280857	0.0823340	-0.0036508	0.0020126	0.0027527	-0.0120105	0.0143415	0.0118701
3.7400000	1.0327915	0.3654108	-0.1312048	0.1112159	0.0275504	0.0818431	-0.0037685	0.0021545	0.0028690	-0.0115826	0.0139686	0.0114972
3.7500000	1.0339005	0.3656899	-0.1303923	0.1103976	0.0270076	0.0813543	-0.0038820	0.0022928	0.0029816	-0.0111551	0.0135939	0.0111239
3.7600000	1.0350015	0.3659638	-0.1295849	0.1095706	0.0264576	0.0808676	-0.0039911	0.0024273	0.0030904	-0.0107281	0.0132174	0.0107503
3.7700000	1.0360942	0.3662323	-0.1287824	0.1087352	0.0259011	0.0803831	-0.0040960	0.0025580	0.0031955	-0.0103020	0.0128396	0.0103768
3.7800000	1.0371786	0.3664954	-0.1279849	0.1078919	0.0253383	0.0799008	-0.0041966	0.0026849	0.0032969	-0.0098770	0.0124606	0.0100035
3.7900000	1.0382546	0.3667529	-0.1271923	0.1070410	0.0247698	0.0794205	-0.0042930	0.0028080	0.0033946	-0.0094534	0.0120807	0.0096306
3.8000000	1.0393221	0.3670048	-0.1264047	0.1061831	0.0241959	0.0789425	-0.0043852	0.0029273	0.0034885	-0.0090313	0.0117001	0.0092584
3.8100000	1.0403811	0.3672511	-0.1256218	0.1053184	0.0236171	0.0784665	-0.0044731	0.0030428	0.0035787	-0.0086110	0.0113190	0.0088870
3.8200000	1.0414315	0.3674917	-0.1248439	0.1044475	0.0230339	0.0779927	-0.0045569	0.0031545	0.0036652	-0.0081927	0.0109378	0.0085168
3.8300000	1.0424732	0.3677266	-0.1240707	0.1035706	0.0224466	0.0775210	-0.0046364	0.0032624	0.0037481	-0.0077766	0.0105565	0.0081478
3.8400000	1.0435062	0.3679556	-0.1233023	0.1026883	0.0218556	0.0770514	-0.0047119	0.0033664	0.0038272	-0.0073630	0.0101756	0.0077804
3.8500000	1.0445304	0.3681788	-0.1225386	0.1018009	0.0212614	0.0765840	-0.0047832	0.0034666	0.0039027	-0.0069521	0.0097951	0.0074146
3.8600000	1.0455458	0.3683961	-0.1217797	0.1009088	0.0206644	0.0761187	-0.0048504	0.0035630	0.0039746	-0.0065440	0.0094153	0.0070507
3.8700000	1.0465523	0.3686075	-0.1210255	0.1000124	0.0200649	0.0756556	-0.0049136	0.0036556	0.0040428	-0.0061389	0.0090364	0.0066888
3.8800000	1.0475498	0.3688129	-0.1202759	0.0991122	0.0194634	0.0751946	-0.0049727	0.0037444	0.0041075	-0.0057372	0.0086586	0.0063292
3.8900000	1.0485385	0.3690124	-0.1195310	0.0982085	0.0188603	0.0747357	-0.0050279	0.0038294	0.0041686	-0.0053388	0.0082821	0.0059720
3.9000000	1.0495181	0.3692058	-0.1187906	0.0973016	0.0182559	0.0742790	-0.0050791	0.0039106	0.0042261	-0.0049441	0.0079072	0.0056173
3.9100000	1.0504887	0.3693933	-0.1180549	0.0963921	0.0176506	0.0738245	-0.0051263	0.0039881	0.0042801	-0.0045532	0.0075339	0.0052655
3.9200000	1.0514502	0.3695747	-0.1173237	0.0954802	0.0170448	0.0733721	-0.0051697	0.0040619	0.0043306	-0.0041662	0.0071626	0.0049165
3.9300000	1.0524027	0.3697500	-0.1165970	0.0945664	0.0164388	0.0729218	-0.0052093	0.0041319	0.0043777	-0.0037834	0.0067934	0.0045706
3.9400000	1.0533461	0.3699193	-0.1158748	0.0936509	0.0158331	0.0724738	-0.0052451	0.0041982	0.0044214	-0.0034049	0.0064265	0.0042280
3.9500000	1.0542803	0.3700826	-0.1151570	0.0927343	0.0152279	0.0720279	-0.0052771	0.0042609	0.0044616	-0.0030308	0.0060620	0.0038887
3.9600000	1.0552054	0.3702398	-0.1144438	0.0918168	0.0146236	0.0715843	-0.0053054	0.0043199	0.0044985	-0.0026613	0.0057002	0.0035530
3.9700000	1.0561214	0.3703910	-0.1137349	0.0908988	0.0140205	0.0711428	-0.0053300	0.0043753	0.0045321	-0.0022965	0.0053412	0.0032209
3.9800000	1.0570283	0.3705361	-0.1130304	0.0899806	0.0134190	0.0707035	-0.0053510	0.0044271	0.0045624	-0.0019367	0.0049851	0.0028926
3.9900000	1.0579260	0.3706751	-0.1123302	0.0890627	0.0128194	0.0702664	-0.0053685	0.0044753	0.0045894	-0.0015818	0.0046322	0.0025682
4.0000000	1.0588146	0.3708082	-0.1116344	0.0881453	0.0122221	0.0698316	-0.0053825	0.0045200	0.0046133	-0.0012321	0.0042826	0.0022479
4.0100000	1.0596940	0.3709353	-0.1109429	0.0872288	0.0116273	0.0693990	-0.0053930	0.0045612	0.0046339	-0.0008877	0.0039365	0.0019318
4.0200000	1.0605643	0.3710563	-0.1102557	0.0863136	0.0110353	0.0689686	-0.0054001	0.0045990	0.0046515	-0.0005486	0.0035939	0.0016199
4.0300000	1.0614255	0.3711715	-0.1095727	0.0853999	0.0104464	0.0685404	-0.0054038	0.0046333	0.0046660	-0.0002151	0.0032551	0.0013125
4.0400000	1.0622776	0.3712807	-0.1088939	0.0844880	0.0098610	0.0681145	-0.0054043	0.0046642	0.0046774	0.0001129	0.0029201	0.0010096
4.0500000	1.0631207	0.3713840	-0.1082194	0.0835784	0.0092793	0.0676908	-0.0054015	0.0046918	0.0046859	0.0004352	0.0025891	0.0007113
4.0600000	1.0639546	0.3714815	-0.1075490	0.0826713	0.0087016	0.0672694	-0.0053956	0.0047161	0.0046914	0.0007516	0.0022623	0.0004177
4.0700000	1.0647795	0.3715731	-0.1068827	0.0817670	0.0081282	0.0668502	-0.0053865	0.0047371	0.0046940	0.0010622	0.0019398	0.0001289
4.0800000	1.0655955	0.3716589	-0.1062206	0.0808658	0.0075592	0.0664334	-0.0053743	0.0047549	0.0046938	0.0013668	0.0016216	-0.0001550
4.0900000	1.0664024	0.3717390	-0.1055626	0.0799681	0.0069951	0.0660187	-0.0053592	0.0047696	0.0046908	0.0016653	0.0013079	-0.0004339
4.1000000	1.0672004	0.3718135	-0.1049087	0.0790740	0.0064360	0.0656064	-0.0053411	0.0047811	0.0046850	0.0019578	0.0009989	-0.0007078
4.1100000	1.0679895	0.3718822	-0.1042588	0.0781839	0.0058822	0.0651964	-0.0053201	0.0047895	0.0046765	0.0022440	0.0006945	-0.0009765
4.1200000	1.0687697	0.3719454	-0.1036129	0.0772981	0.0053339	0.0647886	-0.0052963	0.0047949	0.0046654	0.0025239	0.0003950	-0.0012400
4.1300000	1.0695411	0.3720030	-0.1029710	0.0764168	0.0047914	0.0643831	-0.0052698	0.0047973	0.0046517	0.0027975	0.0001003	-0.0014982
4.1400000	1.0703037	0.3720552	-0.1023331	0.0755402	0.0042548	0.0639800	-0.0052406	0.0047968	0.0046355	0.0030648	-0.0001893	-0.0017511
4.1500000	1.0710576	0.3721019	-0.1016991	0.0746688	0.0037244	0.0635791	-0.0052087	0.0047933	0.0046167	0.0033256	-0.0004739	-0.0019986
4.1600000	1.0718028	0.3721432	-0.1010691	0.0738026	0.0032003	0.0631805	-0.0051743	0.0047871	0.0045956	0.0035799	-0.0007532	-0.0022406
4.1700000	1.0725394	0.3721792	-0.1004429	0.0729419	0.0026829	0.0627843	-0.0051374	0.0047781	0.0045720	0.0038277	-0.0010273	-0.0024771
4.1800000	1.0732674	0.3722100	-0.0998206	0.0720871	0.0021722	0.0623903	-0.0050980	0.0047663	0.0045462	0.0040689	-0.0012961	-0.0027081
4.1900000	1.0739868	0.3722357	-0.0992022	0.0712382	0.0016685	0.0619987	-0.0050563	0.0047519	0.0045180	0.0043035	-0.0015595	-0.0029335
4.2000000	1.0746978	0.3722562	-0.0985876	0.0703956	0.0011719	0.0616093	-0.0050122	0.0047349	0.0044877	0.0045316	-0.0018174	-0.0031532
4.2100000	1.0754004	0.3722716	-0.0979768	0.0695594	0.0006827	0.0612223	-0.0049660	0.0047153	0.0044552	0.0047529	-0.0020699	-0.0033673
4.2200000	1.0760947	0.3722821	-0.0973698	0.0687298	0.0002009	0.0608376	-0.0049175	0.0046932	0.0044206	0.0049677	-0.0023167	-0.0035757
4.2300000	1.0767807	0.3722878	-0.0967666	0.0679072	-0.0002733	0.0604552	-0.0048670	0.0046686	0.0043839	0.0051757	-0.0025579	-0.0037784
4.2400000	1.0774585	0.3722886	-0.0961671	0.0670915	-0.0007396	0.0600751	-0.0048144	0.0046417	0.0043453	0.0053771	-0.0027934	-0.0039753
4.2500000	1.0781281	0.3722846	-0.0955712	0.0662832	-0.0011981	0.0596973	-0.0047598	0.0046124	0.0043047	0.0055717	-0.0030232	-0.0041664
4.2600000	1.0787897	0.3722760	-0.0949791	0.0654822	-0.0016485	0.0593218	-0.0047034	0.0045808	0.0042623	0.0057597	-0.0032472	-0.0043518
4.2700000	1.0794433	0.3722629	-0.0943907	0.0646889	-0.0020907	0.0589486	-0.0046451	0.0045471	0.0042180	0.0059410	-0.0034655	-0.0045314
4.2800000	1.0800890	0.3722452	-0.0938059	0.0639033	-0.0025246	0.0585777	-0.0045850	0.0045111	0.0041720	0.0061156	-0.0036779	-0.0047051
4.2900000	1.0807269	0.3722231	-0.0932247	0.0631257	-0.0029501	0.0582091	-0.0045232	0.0044731	0.0041243	0.0062835	-0.0038844	-0.0048731
4.3000000	1.0813570	0.3721967	-0.0926471	0.0623561	-0.0033670	0.0578428	-0.0044598	0.0044330	0.0040749	0.0064448	-0.0040851	-0.0050353
4.3100000	1.0819794	0.3721661	-0.0920731	0.0615948	-0.0037753	0.0574787	-0.0043948	0.0043910	0.0040239	0.0065994	-0.0042798	-0.0051917
4.3200000	1.0825942	0.3721313	-0.0915026	0.0608419	-0.0041749	0.0571170	-0.0043283	0.0043470	0.0039715	0.0067474	-0.0044687	-0.0053423
4.3300000	1.0832015	0.3720924	-0.0909357	0.0600975	-0.0045657	0.0567575	-0.0042603	0.0043012	0.0039175	0.0068889	-0.0046516	-0.0054871
4.3400000	1.0838014	0.3720496	-0.0903722	0.0593618	-0.0049476	0.0564003	-0.0041910	0.0042535	0.0038622	0.0070237	-0.0048286	-0.0056261
4.3500000	1.0843939	0.3720028	-0.0898123	0.0586348	-0.0053205	0.0560453	-0.0041204	0.0042042	0.0038054	0.0071520	-0.0049996	-0.0057594
4.3600000	1.0849792	0.3719523	-0.0892558	0.0579167	-0.0056843	0.0556926	-0.0040485	0.0041531	0.0037474	0.0072738	-0.0051647	-0.0058869
4.3700000	1.0855573	0.3718980	-0.0887028	0.0572077	-0.0060391	0.0553422	-0.0039754	0.0041004	0.0036881	0.0073892	-0.0053239	-0.0060087
4.3800000	1.0861283	0.3718402	-0.0881532	0.0565077	-0.0063847	0.0549940	-0.0039012	0.0040462	0.0036277	0.0074982	-0.0054771	-0.0061249
4.3900000	1.0866924	0.3717788	-0.0876070	0.0558169	-0.0067211	0.0546480	-0.0038260	0.0039904	0.0035661	0.0076007	-0.0056244	-0.0062353
4.4000000	1.0872495	0.3717140	-0.0870642	0.0551354	-0.0070483	0.0543042	-0.0037497	0.0039332	0.0035034	0.0076970	-0.0057658	-0.0063402
4.4100000	1.0877998	0.3716458	-0.0865247	0.0544633	-0.0073662	0.0539627	-0.0036726	0.0038747	0.0034398	0.0077870	-0.0059013	-0.0064394
4.4200000	1.0883435	0.3715744	-0.0859886	0.0538007	-0.0076747	0.0536234	-0.0035945	0.0038148	0.0033751	0.0078707	-0.0060309	-0.0065331
4.4300000	1.0888805	0.3714998	-0.0854558	0.0531476	-0.0079739	0.0532862	-0.0035157	0.0037536	0.0033096	0.0079484	-0.0061547	-0.0066213
4.4400000	1.0894110	0.3714222	-0.0849263	0.0525041	-0.0082638	0.0529512	-0.0034361	0.0036912	0.0032431	0.0080199	-0.0062726	-0.0067040
4.4500000	1.0899350	0.3713417	-0.0844001	0.0518702	-0.0085443	0.0526184	-0.0033558	0.0036277	0.0031759	0.0080853	-0.0063848	-0.0067813
4.4600000	1.0904527	0.3712582	-0.0838772	0.0512460	-0.0088154	0.0522878	-0.0032749	0.0035631	0.0031080	0.0081448	-0.0064912	-0.0068532
4.4700000	1.0909642	0.3711720	-0.0833575	0.0506316	-0.0090771	0.0519593	-0.0031934	0.0034975	0.0030393	0.0081984	-0.0065918	-0.0069197
4.4800000	1.0914696	0.3710831	-0.0828410	0.0500270	-0.0093294	0.0516329	-0.0031115	0.0034309	0.0029700	0.0082462	-0.0066868	-0.0069810
4.4900000	1.0919689	0.3709917	-0.0823277	0.0494322	-0.0095724	0.0513087	-0.0030290	0.0033633	0.0029001	0.0082882	-0.0067761	-0.0070370
4.5000000	1.0924622	0.3708977	-0.0818175	0.0488473	-0.0098060	0.0509866	-0.0029462	0.0032950	0.0028297	0.0083245	-0.0068598	-0.0070879
4.5100000	1.0929497	0.3708013	-0.0813106	0.0482723	-0.0100302	0.0506666	-0.0028630	0.0032258	0.0027588	0.0083552	-0.0069379	-0.0071336
4.5200000	1.0934315	0.3707027	-0.0808067	0.0477072	-0.0102452	0.0503487	-0.0027796	0.0031558	0.0026875	0.0083803	-0.0070105	-0.0071743
4.5300000	1.0939076	0.3706018	-0.0803060	0.0471519	-0.0104509	0.0500328	-0.0026959	0.0030852	0.0026157	0.0084000	-0.0070777	-0.0072100
4.5400000	1.0943782	0.3704989	-0.0798084	0.0466067	-0.0106473	0.0497190	-0.0026120	0.0030139	0.0025437	0.0084144	-0.0071394	-0.0072408
4.5500000	1.0948433	0.3703939	-0.0793139	0.0460713	-0.0108345	0.0494073	-0.0025281	0.0029420	0.0024713	0.0084234	-0.0071958	-0.0072667
4.5600000	1.0953031	0.3702870	-0.0788224	0.0455459	-0.0110125	0.0490976	-0.0024440	0.0028696	0.0023987	0.0084273	-0.0072469	-0.0072878
4.5700000	1.0957576	0.3701783	-0.0783340	0.0450304	-0.0111814	0.0487899	-0.0023600	0.0027968	0.0023259	0.0084260	-0.0072928	-0.0073042
4.5800000	1.0962070	0.3700678	-0.0778486	0.0445248	-0.0113413	0.0484842	-0.0022759	0.0027235	0.0022530	0.0084197	-0.0073334	-0.0073159
4.5900000	1.0966513	0.3699557	-0.0773663	0.0440291	-0.0114922	0.0481806	-0.0021920	0.0026498	0.0021800	0.0084085	-0.0073690	-0.0073231
4.6000000	1.0970906	0.3698420	-0.0768869	0.0435433	-0.0116341	0.0478789	-0.0021082	0.0025758	0.0021069	0.0083924	-0.0073995	-0.0073257
4.6100000	1.0975251	0.3697269	-0.0764104	0.0430673	-0.0117671	0.0475791	-0.0020245	0.0025015	0.0020338	0.0083716	-0.0074251	-0.0073239
4.6200000	1.0979549	0.3696104	-0.0759370	0.0426012	-0.0118913	0.0472813	-0.0019411	0.0024270	0.0019607	0.0083461	-0.0074457	-0.0073178
4.6300000	1.0983799	0.3694926	-0.0754664	0.0421448	-0.0120068	0.0469855	-0.0018580	0.0023523	0.0018878	0.0083161	-0.0074616	-0.0073074
4.6400000	1.0988005	0.3693737	-0.0749988	0.0416981	-0.0121136	0.0466916	-0.0017752	0.0022775	0.0018149	0.0082816	-0.0074726	-0.0072928
4.6500000	1.0992165	0.3692536	-0.0745340	0.0412612	-0.0122119	0.0463996	-0.0016927	0.0022027	0.0017422	0.0082427	-0.0074790	-0.0072740
4.6600000	1.0996282	0.3691325	-0.0740722	0.0408339	-0.0123016	0.0461095	-0.0016107	0.0021277	0.0016697	0.0081996	-0.0074807	-0.0072513
4.6700000	1.1000356	0.3690104	-0.0736132	0.0404161	-0.0123830	0.0458212	-0.0015291	0.0020528	0.0015974	0.0081523	-0.0074780	-0.0072245
4.6800000	1.1004388	0.3688875	-0.0731570	0.0400079	-0.0124561	0.0455349	-0.0014479	0.0019780	0.0015254	0.0081010	-0.0074708	-0.0071940
4.6900000	1.1008379	0.3687639	-0.0727037	0.0396092	-0.0125209	0.0452504	-0.0013673	0.0019032	0.0014538	0.0080456	-0.0074592	-0.0071596
4.7000000	1.1012331	0.3686395	-0.0722532	0.0392198	-0.0125776	0.0449677	-0.0012873	0.0018286	0.0013825	0.0079865	-0.0074433	-0.0071215
4.7100000	1.1016244	0.3685146	-0.0718055	0.0388398	-0.0126264	0.0446869	-0.0012079	0.0017542	0.0013116	0.0079235	-0.0074232	-0.0070798
4.7200000	1.1020118	0.3683891	-0.0713605	0.0384691	-0.0126672	0.0444078	-0.0011291	0.0016800	0.0012411	0.0078569	-0.0073990	-0.0070346
4.7300000	1.1023956	0.3682632	-0.0709183	0.0381076	-0.0127002	0.0441306	-0.0010510	0.0016061	0.0011711	0.0077867	-0.0073708	-0.0069860
4.7400000	1.1027757	0.3681370	-0.0704789	0.0377551	-0.0127256	0.0438551	-0.0009736	0.0015325	0.0011015	0.0077131	-0.0073386	-0.0069340
4.7500000	1.1031523	0.3680104	-0.0700421	0.0374117	-0.0127433	0.0435815	-0.0008970	0.0014592	0.0010325	0.0076361	-0.0073025	-0.0068788
4.7600000	1.1035255	0.3678837	-0.0696081	0.0370772	-0.0127536	0.0433095	-0.0008211	0.0013863	0.0009641	0.0075559	-0.0072627	-0.0068203
4.7700000	1.1038954	0.3677568	-0.0691767	0.0367516	-0.0127566	0.0430394	-0.0007461	0.0013139	0.0008963	0.0074725	-0.0072192	-0.0067588
4.7800000	1.1042619	0.3676299	-0.0687481	0.0364347	-0.0127524	0.0427709	-0.0006719	0.0012418	0.0008290	0.0073861	-0.0071721	-0.0066943
4.7900000	1.1046253	0.3675030	-0.0683220	0.0361265	-0.0127410	0.0425042	-0.0005985	0.0011703	0.0007625	0.0072968	-0.0071215	-0.0066269
4.8000000	1.1049857	0.3673761	-0.0678987	0.0358268	-0.0127227	0.0422391	-0.0005261	0.0010994	0.0006966	0.0072046	-0.0070675	-0.0065567
4.8100000	1.1053430	0.3672495	-0.0674779	0.0355356	-0.0126976	0.0419758	-0.0004546	0.0010289	0.0006314	0.0071098	-0.0070102	-0.0064837
4.8200000	1.1056974	0.3671230	-0.0670598	0.0352528	-0.0126657	0.0417141	-0.0003840	0.0009591	0.0005670	0.0070122	-0.0069496	-0.0064082
4.8300000	1.1060490	0.3669969	-0.0666442	0.0349782	-0.0126273	0.0414541	-0.0003145	0.0008899	0.0005033	0.0069122	-0.0068859	-0.0063300
4.8400000	1.1063979	0.3668711	-0.0662312	0.0347118	-0.0125824	0.0411957	-0.0002459	0.0008214	0.0004405	0.0068098	-0.0068191	-0.0062495
4.8500000	1.1067441	0.3667458	-0.0658208	0.0344534	-0.0125312	0.0409390	-0.0001784	0.0007535	0.0003784	0.0067050	-0.0067494	-0.0061665
4.8600000	1.1070877	0.3666209	-0.0654129	0.0342029	-0.0124738	0.0406839	-0.0001119	0.0006864	0.0003172	0.0065980	-0.0066768	-0.0060813
4.8700000	1.1074288	0.3664966	-0.0650076	0.0339602	-0.0124104	0.0404304	-0.0000465	0.0006200	0.0002568	0.0064890	-0.0066015	-0.0059939
4.8800000	1.1077675	0.3663730	-0.0646047	0.0337252	-0.0123411	0.0401785	0.0000178	0.0005543	0.0001973	0.0063779	-0.0065235	-0.0059044
4.8900000	1.1081038	0.3662500	-0.0642044	0.0334978	-0.0122660	0.0399282	0.0000810	0.0004895	0.0001387	0.0062649	-0.0064429	-0.0058129
4.9000000	1.1084379	0.3661277	-0.0638065	0.0332778	-0.0121853	0.0396794	0.0001430	0.0004255	0.0000810	0.0061501	-0.0063598	-0.0057195
4.9100000	1.1087698	0.3660062	-0.0634111	0.0330651	-0.0120991	0.0394323	0.0002039	0.0003624	0.0000243	0.0060336	-0.0062743	-0.0056243
4.9200000	1.1090995	0.3658856	-0.0630181	0.0328597	-0.0120076	0.0391866	0.0002636	0.0003001	-0.0000315	0.0059155	-0.0061865	-0.0055273
4.9300000	1.1094272	0.3657658	-0.0626276	0.0326613	-0.0119109	0.0389426	0.0003222	0.0002387	-0.0000863	0.0057959	-0.0060965	-0.0054287
4.9400000	1.1097529	0.3656471	-0.0622395	0.0324699	-0.0118091	0.0387000	0.0003795	0.0001782	-0.0001401	0.0056749	-0.0060044	-0.0053286
4.9500000	1.1100768	0.3655293	-0.0618538	0.0322853	-0.0117025	0.0384590	0.0004356	0.0001186	-0.0001929	0.0055525	-0.0059103	-0.0052269
4.9600000	1.1103987	0.3654126	-0.0614705	0.0321075	-0.0115910	0.0382195	0.0004905	0.0000600	-0.0002446	0.0054290	-0.0058142	-0.0051239
4.9700000	1.1107189	0.3652970	-0.0610896	0.0319361	-0.0114750	0.0379815	0.0005442	0.0000024	-0.0002954	0.0053043	-0.0057162	-0.0050195
4.9800000	1.1110374	0.3651825	-0.0607110	0.0317712	-0.0113545	0.0377449	0.0005966	-0.0000542	-0.0003451	0.0051786	-0.0056166	-0.0049139
4.9900000	1.1113542	0.3650692	-0.0603348	0.0316126	-0.0112296	0.0375099	0.0006478	-0.0001099	-0.0003937	0.0050519	-0.0055152	-0.0048072
5.0000000	1.1116695	0.3649572	-0.0599609	0.0314602	-0.0111006	0.0372763	0.0006977	-0.0001645	-0.0004413	0.0049245	-0.0054123	-0.0046995
5.0100000	1.1119832	0.3648464	-0.0595893	0.0313138	-0.0109676	0.0370442	0.0007463	-0.0002180	-0.0004878	0.0047962	-0.0053079	-0.0045908
5.0200000	1.1122955	0.3647370	-0.0592200	0.0311733	-0.0108307	0.0368135	0.0007936	-0.0002706	-0.0005332	0.0046673	-0.0052021	-0.0044812
5.0300000	1.1126064	0.3646289	-0.0588530	0.0310386	-0.0106900	0.0365842	0.0008397	-0.0003220	-0.0005775	0.0045378	-0.0050950	-0.0043708
5.0400000	1.1129160	0.3645222	-0.0584883	0.0309095	-0.0105457	0.0363564	0.0008844	-0.0003724	-0.0006207	0.0044079	-0.0049867	-0.0042596
5.0500000	1.1132242	0.3644170	-0.0581258	0.0307859	-0.0103980	0.0361300	0.0009278	-0.0004217	-0.0006628	0.0042775	-0.0048772	-0.0041478
5.0600000	1.1135313	0.3643132	-0.0577656	0.0306677	-0.0102470	0.0359050	0.0009700	-0.0004698	-0.0007037	0.0041468	-0.0047667	-0.0040355
5.0700000	1.1138371	0.3642109	-0.0574076	0.0305547	-0.0100928	0.0356814	0.0010108	-0.0005169	-0.0007436	0.0040159	-0.0046552	-0.0039226
5.0800000	1.1141418	0.3641102	-0.0570519	0.0304467	-0.0099356	0.0354592	0.0010503	-0.0005629	-0.0007823	0.0038848	-0.0045429	-0.0038094
5.0900000	1.1144455	0.3640110	-0.0566983	0.0303438	-0.0097756	0.0352384	0.0010886	-0.0006077	-0.0008199	0.0037537	-0.0044297	-0.0036958
5.1000000	1.1147481	0.3639134	-0.0563469	0.0302456	-0.0096128	0.0350189	0.0011255	-0.0006514	-0.0008563	0.0036225	-0.0043158	-0.0035819
5.1100000	1.1150498	0.3638174	-0.0559978	0.0301521	-0.0094474	0.0348008	0.0011610	-0.0006939	-0.0008916	0.0034915	-0.0042013	-0.0034678
5.1200000	1.1153505	0.3637231	-0.0556507	0.0300631	-0.0092796	0.0345841	0.0011953	-0.0007353	-0.0009257	0.0033606	-0.0040863	-0.0033537
5.1300000	1.1156504	0.3636305	-0.0553058	0.0299786	-0.0091094	0.0343687	0.0012283	-0.0007756	-0.0009588	0.0032300	-0.0039707	-0.0032394
5.1400000	1.1159494	0.3635395	-0.0549631	0.0298983	-0.0089371	0.0341546	0.0012600	-0.0008146	-0.0009906	0.0030997	-0.0038548	-0.0031252
5.1500000	1.1162477	0.3634503	-0.0546225	0.0298221	-0.0087628	0.0339419	0.0012904	-0.0008526	-0.0010214	0.0029697	-0.0037385	-0.0030111
5.1600000	1.1165451	0.3633628	-0.0542840	0.0297500	-0.0085866	0.0337305	0.0013194	-0.0008893	-0.0010509	0.0028402	-0.0036220	-0.0028971
5.1700000	1.1168419	0.3632770	-0.0539476	0.0296817	-0.0084086	0.0335205	0.0013472	-0.0009249	-0.0010794	0.0027113	-0.0035053	-0.0027834
5.1800000	1.1171380	0.3631931	-0.0536132	0.0296171	-0.0082290	0.0333117	0.0013737	-0.0009594	-0.0011067	0.0025829	-0.0033886	-0.0026699
5.1900000	1.1174334	0.3631109	-0.0532810	0.0295561	-0.0080479	0.0331042	0.0013989	-0.0009926	-0.0011329	0.0024552	-0.0032718	-0.0025568
5.2000000	1.1177283	0.3630305	-0.0529508	0.0294986	-0.0078654	0.0328980	0.0014229	-0.0010247	-0.0011579	0.0023283	-0.0031550	-0.0024440
5.2100000	1.1180225	0.3629520	-0.0526226	0.0294444	-0.0076818	0.0326931	0.0014455	-0.0010557	-0.0011819	0.0022021	-0.0030383	-0.0023318
5.2200000	1.1183163	0.3628753	-0.0522965	0.0293935	-0.0074970	0.0324895	0.0014670	-0.0010854	-0.0012047	0.0020768	-0.0029219	-0.0022201
5.2300000	1.1186095	0.3628004	-0.0519724	0.0293456	-0.0073112	0.0322872	0.0014871	-0.0011140	-0.0012264	0.0019524	-0.0028056	-0.0021089
5.2400000	1.1189023	0.3627274	-0.0516503	0.0293006	-0.0071246	0.0320861	0.0015061	-0.0011415	-0.0012469	0.0018289	-0.0026897	-0.0019985
5.2500000	1.1191946	0.3626562	-0.0513303	0.0292584	-0.0069373	0.0318863	0.0015238	-0.0011678	-0.0012664	0.0017065	-0.0025742	-0.0018887
5.2600000	1.1194866	0.3625869	-0.0510121	0.0292190	-0.0067494	0.0316877	0.0015402	-0.0011929	-0.0012848	0.0015852	-0.0024591	-0.0017796
5.2700000	1.1197781	0.3625195	-0.0506960	0.0291821	-0.0065610	0.0314903	0.0015555	-0.0012169	-0.0013021	0.0014650	-0.0023445	-0.0016714
5.2800000	1.1200693	0.3624539	-0.0503818	0.0291476	-0.0063723	0.0312942	0.0015696	-0.0012398	-0.0013183	0.0013460	-0.0022305	-0.0015640
5.2900000	1.1203601	0.3623903	-0.0500696	0.0291155	-0.0061833	0.0310994	0.0015825	-0.0012615	-0.0013334	0.0012282	-0.0021171	-0.0014576
5.3000000	1.1206506	0.3623285	-0.0497593	0.0290855	-0.0059941	0.0309057	0.0015942	-0.0012821	-0.0013475	0.0011118	-0.0020044	-0.0013520
5.3100000	1.1209409	0.3622686	-0.0494509	0.0290576	-0.0058050	0.0307133	0.0016048	-0.0013015	-0.0013605	0.0009966	-0.0018924	-0.0012475
5.3200000	1.1212308	0.3622106	-0.0491445	0.0290317	-0.0056160	0.0305220	0.0016142	-0.0013199	-0.0013725	0.0008829	-0.0017812	-0.0011441
5.3300000	1.1215206	0.3621545	-0.0488399	0.0290076	-0.0054271	0.0303320	0.0016225	-0.0013371	-0.0013835	0.0007706	-0.0016708	-0.0010417
5.3400000	1.1218100	0.3621003	-0.0485372	0.0289852	-0.0052386	0.0301432	0.0016296	-0.0013533	-0.0013934	0.0006597	-0.0015614	-0.0009405
5.3500000	1.1220993	0.3620480	-0.0482364	0.0289644	-0.0050505	0.0299555	0.0016357	-0.0013683	-0.0014024	0.0005504	-0.0014529	-0.0008404
5.3600000	1.1223884	0.3619975	-0.0479375	0.0289451	-0.0048630	0.0297690	0.0016407	-0.0013823	-0.0014103	0.0004426	-0.0013453	-0.0007415
5.3700000	1.1226772	0.3619489	-0.0476404	0.0289272	-0.0046760	0.0295837	0.0016446	-0.0013952	-0.0014172	0.0003364	-0.0012389	-0.0006439
5.3800000	1.1229660	0.3619022	-0.0473452	0.0289106	-0.0044898	0.0293996	0.0016474	-0.0014070	-0.0014232	0.0002319	-0.0011335	-0.0005476
5.3900000	1.1232545	0.3618573	-0.0470517	0.0288951	-0.0043044	0.0292166	0.0016492	-0.0014179	-0.0014282	0.0001290	-0.0010292	-0.0004527
5.4000000	1.1235429	0.3618143	-0.0467601	0.0288807	-0.0041199	0.0290348	0.0016500	-0.0014276	-0.0014323	0.0000277	-0.0009261	-0.0003591
5.4100000	1.1238312	0.3617731	-0.0464703	0.0288672	-0.0039365	0.0288542	0.0016498	-0.0014364	-0.0014355	-0.0000718	-0.0008243	-0.0002668
5.4200000	1.1241193	0.3617338	-0.0461824	0.0288545	-0.0037541	0.0286746	0.0016486	-0.0014441	-0.0014377	-0.0001695	-0.0007237	-0.0001760
5.4300000	1.1244073	0.3616963	-0.0458961	0.0288426	-0.0035729	0.0284962	0.0016464	-0.0014508	-0.0014390	-0.0002654	-0.0006243	-0.0000867
5.4400000	1.1246952	0.3616606	-0.0456117	0.0288314	-0.0033930	0.0283190	0.0016433	-0.0014566	-0.0014394	-0.0003596	-0.0005264	0.0000012
5.4500000	1.1249830	0.3616267	-0.0453290	0.0288206	-0.0032145	0.0281428	0.0016392	-0.0014614	-0.0014390	-0.0004519	-0.0004298	0.0000875
5.4600000	1.1252707	0.3615945	-0.0450481	0.0288104	-0.0030374	0.0279678	0.0016343	-0.0014652	-0.0014377	-0.0005423	-0.0003346	0.0001723
5.4700000	1.1255583	0.3615642	-0.0447689	0.0288005	-0.0028618	0.0277939	0.0016284	-0.0014681	-0.0014356	-0.0006309	-0.0002408	0.0002556
5.4800000	1.1258458	0.3615356	-0.0444915	0.0287908	-0.0026879	0.0276211	0.0016217	-0.0014700	-0.0014326	-0.0007176	-0.0001485	0.0003372
5.4900000	1.1261333	0.3615087	-0.0442157	0.0287813	-0.0025156	0.0274494	0.0016140	-0.0014711	-0.0014288	-0.0008023	-0.0000577	0.0004173
5.5000000	1.1264206	0.3614835	-0.0439417	0.0287719	-0.0023450	0.0272788	0.0016056	-0.0014712	-0.0014243	-0.0008851	0.0000316	0.0004957
5.5100000	1.1267078	0.3614601	-0.0436694	0.0287625	-0.0021763	0.0271092	0.0015963	-0.0014705	-0.0014189	-0.0009659	0.0001193	0.0005725
5.5200000	1.1269950	0.3614383	-0.0433988	0.0287530	-0.0020094	0.0269408	0.0015863	-0.0014688	-0.0014128	-0.0010448	0.0002054	0.0006476
5.5300000	1.1272820	0.3614182	-0.0431298	0.0287433	-0.0018445	0.0267734	0.0015754	-0.0014664	-0.0014060	-0.0011217	0.0002900	0.0007211
5.5400000	1.1275690	0.3613998	-0.0428625	0.0287334	-0.0016817	0.0266071	0.0015638	-0.0014631	-0.0013984	-0.0011966	0.0003729	0.0007928
5.5500000	1.1278559	0.3613830	-0.0425969	0.0287232	-0.0015209	0.0264418	0.0015515	-0.0014590	-0.0013901	-0.0012695	0.0004541	0.0008628
5.5600000	1.1281426	0.3613677	-0.0423329	0.0287125	-0.0013622	0.0262776	0.0015384	-0.0014540	-0.0013812	-0.0013404	0.0005337	0.0009311
5.5700000	1.1284293	0.3613541	-0.0420705	0.0287014	-0.0012057	0.0261144	0.0015247	-0.0014483	-0.0013715	-0.0014092	0.0006116	0.0009977
5.5800000	1.1287159	0.3613420	-0.0418098	0.0286897	-0.0010515	0.0259523	0.0015102	-0.0014418	-0.0013612	-0.0014761	0.0006878	0.0010625
5.5900000	1.1290023	0.3613315	-0.0415507	0.0286773	-0.0008996	0.0257912	0.0014951	-0.0014346	-0.0013502	-0.0015408	0.0007622	0.0011256
5.6000000	1.1292887	0.3613225	-0.0412932	0.0286643	-0.0007500	0.0256312	0.0014794	-0.0014266	-0.0013387	-0.0016036	0.0008349	0.0011869
5.6100000	1.1295749	0.3613150	-0.0410373	0.0286505	-0.0006028	0.0254721	0.0014630	-0.0014180	-0.0013265	-0.0016643	0.0009059	0.0012465
5.6200000	1.1298609	0.3613089	-0.0407829	0.0286359	-0.0004581	0.0253141	0.0014461	-0.0014086	-0.0013137	-0.0017230	0.0009751	0.0013043
5.6300000	1.1301468	0.3613043	-0.0405302	0.0286204	-0.0003159	0.0251571	0.0014285	-0.0013985	-0.0013004	-0.0017796	0.0010426	0.0013603
5.6400000	1.1304326	0.3613011	-0.0402790	0.0286040	-0.0001761	0.0250010	0.0014105	-0.0013878	-0.0012865	-0.0018342	0.0011082	0.0014145
5.6500000	1.1307182	0.3612993	-0.0400294	0.0285865	-0.0000390	0.0248460	0.0013918	-0.0013764	-0.0012721	-0.0018867	0.0011720	0.0014669
5.6600000	1.1310037	0.3612989	-0.0397813	0.0285680	0.0000956	0.0246920	0.0013727	-0.0013644	-0.0012571	-0.0019372	0.0012341	0.0015176
5.6700000	1.1312889	0.3612998	-0.0395347	0.0285484	0.0002275	0.0245389	0.0013531	-0.0013517	-0.0012417	-0.0019857	0.0012943	0.0015664
5.6800000	1.1315740	0.3613021	-0.0392897	0.0285276	0.0003567	0.0243869	0.0013329	-0.0013385	-0.0012258	-0.0020322	0.0013528	0.0016135
5.6900000	1.1318588	0.3613056	-0.0390462	0.0285056	0.0004833	0.0242358	0.0013124	-0.0013247	-0.0012094	-0.0020766	0.0014094	0.0016588
5.7000000	1.1321434	0.3613104	-0.0388042	0.0284823	0.0006071	0.0240856	0.0012914	-0.0013104	-0.0011926	-0.0021190	0.0014642	0.0017024
5.7100000	1.1324278	0.3613165	-0.0385637	0.0284577	0.0007282	0.0239364	0.0012700	-0.0012955	-0.0011753	-0.0021594	0.0015171	0.0017441
5.7200000	1.1327120	0.3613237	-0.0383248	0.0284317	0.0008464	0.0237882	0.0012482	-0.0012801	-0.0011577	-0.0021979	0.0015683	0.0017841
5.7300000	1.1329959	0.3613321	-0.0380872	0.0284043	0.0009619	0.0236409	0.0012260	-0.0012642	-0.0011396	-0.0022343	0.0016176	0.0018224
5.7400000	1.1332795	0.3613417	-0.0378512	0.0283755	0.0010746	0.0234946	0.0012034	-0.0012478	-0.0011212	-0.0022688	0.0016651	0.0018588
5.7500000	1.1335628	0.3613524	-0.0376166	0.0283452	0.0011844	0.0233491	0.0011806	-0.0012310	-0.0011024	-0.0023013	0.0017108	0.0018936
5.7600000	1.1338458	0.3613642	-0.0373835	0.0283134	0.0012914	0.0232047	0.0011574	-0.0012136	-0.0010833	-0.0023319	0.0017547	0.0019266
5.7700000	1.1341285	0.3613771	-0.0371518	0.0282801	0.0013955	0.0230611	0.0011339	-0.0011959	-0.0010638	-0.0023606	0.0017968	0.0019579
5.7800000	1.1344109	0.3613910	-0.0369215	0.0282452	0.0014968	0.0229184	0.0011101	-0.0011778	-0.0010441	-0.0023873	0.0018371	0.0019874
5.7900000	1.1346929	0.3614059	-0.0366927	0.0282086	0.0015951	0.0227767	0.0010861	-0.0011592	-0.0010241	-0.0024122	0.0018755	0.0020153
5.8000000	1.1349746	0.3614218	-0.0364653	0.0281704	0.0016906	0.0226358	0.0010618	-0.0011403	-0.0010037	-0.0024352	0.0019122	0.0020415
5.8100000	1.1352558	0.3614387	-0.0362393	0.0281306	0.0017831	0.0224959	0.0010374	-0.0011210	-0.0009832	-0.0024563	0.0019471	0.0020660
5.8200000	1.1355367	0.3614564	-0.0360147	0.0280890	0.0018728	0.0223568	0.0010127	-0.0011014	-0.0009624	-0.0024756	0.0019803	0.0020888
5.8300000	1.1358172	0.3614751	-0.0357915	0.0280457	0.0019595	0.0222186	0.0009878	-0.0010815	-0.0009414	-0.0024931	0.0020117	0.0021100
5.8400000	1.1360972	0.3614947	-0.0355697	0.0280007	0.0020434	0.0220813	0.0009628	-0.0010612	-0.0009202	-0.0025087	0.0020413	0.0021296
5.8500000	1.1363767	0.3615150	-0.0353493	0.0279540	0.0021243	0.0219449	0.0009376	-0.0010407	-0.0008988	-0.0025226	0.0020692	0.0021475
5.8600000	1.1366558	0.3615362	-0.0351302	0.0279055	0.0022023	0.0218093	0.0009123	-0.0010199	-0.0008772	-0.0025348	0.0020954	0.0021638
5.8700000	1.1369344	0.3615582	-0.0349125	0.0278551	0.0022775	0.0216746	0.0008869	-0.0009988	-0.0008555	-0.0025452	0.0021199	0.0021786
5.8800000	1.1372125	0.3615809	-0.0346961	0.0278030	0.0023497	0.0215407	0.0008613	-0.0009775	-0.0008336	-0.0025539	0.0021427	0.0021918
5.8900000	1.1374901	0.3616043	-0.0344811	0.0277491	0.0024190	0.0214077	0.0008358	-0.0009560	-0.0008116	-0.0025609	0.0021638	0.0022035
5.9000000	1.1377671	0.3616285	-0.0342674	0.0276933	0.0024855	0.0212755	0.0008101	-0.0009343	-0.0007895	-0.0025663	0.0021832	0.0022136
5.9100000	1.1380436	0.3616532	-0.0340550	0.0276357	0.0025491	0.0211441	0.0007844	-0.0009124	-0.0007673	-0.0025700	0.0022010	0.0022222
5.9200000	1.1383195	0.3616787	-0.0338439	0.0275762	0.0026099	0.0210136	0.0007587	-0.0008903	-0.0007450	-0.0025722	0.0022172	0.0022294
5.9300000	1.1385948	0.3617047	-0.0336342	0.0275149	0.0026678	0.0208839	0.0007329	-0.0008681	-0.0007227	-0.0025727	0.0022318	0.0022351
5.9400000	1.1388695	0.3617313	-0.0334257	0.0274518	0.0027229	0.0207550	0.0007072	-0.0008457	-0.0007003	-0.0025717	0.0022448	0.0022393
5.9500000	1.1391435	0.3617585	-0.0332186	0.0273868	0.0027751	0.0206270	0.0006815	-0.0008233	-0.0006779	-0.0025692	0.0022562	0.0022421
5.9600000	1.1394169	0.3617862	-0.0330127	0.0273199	0.0028246	0.0204997	0.0006558	-0.0008007	-0.0006554	-0.0025651	0.0022661	0.0022436
5.9700000	1.1396896	0.3618143	-0.0328081	0.0272512	0.0028714	0.0203732	0.0006301	-0.0007780	-0.0006330	-0.0025596	0.0022744	0.0022436
5.9800000	1.1399616	0.3618430	-0.0326048	0.0271806	0.0029153	0.0202475	0.0006045	-0.0007552	-0.0006105	-0.0025527	0.0022812	0.0022424
5.9900000	1.1402329	0.3618721	-0.0324027	0.0271082	0.0029566	0.0201226	0.0005790	-0.0007324	-0.0005881	-0.0025443	0.0022866	0.0022397
6.0000000	1.1405035	0.3619015	-0.0322019	0.0270339	0.0029951	0.0199985	0.0005536	-0.0007095	-0.0005657	-0.0025346	0.0022904	0.0022358
