Time  pn  pe  pd  u  v  w  phi  theta  psi  p  q  r
0.0000000	0.0000000	0.0000000	0.0000000	0.0000000	0.0000000	0.0000000	0.0000000	0.0000000	0.0000000	0.0000000	-0.5235988	0.0000000
0.1000000	0.0007490	0.0000000	0.0000081	0.0213942	0.0000000	-0.0005434	0.0000000	-0.0392699	0.0000000	0.0000000	-0.2617994	0.0000000
0.2000000	0.0051668	-0.0000000	0.0000455	0.0696092	0.0000000	-0.0033155	0.0000000	-0.0559596	-0.0000000	-0.0000000	-0.0719948	-0.0000000
0.3000000	0.0149528	-0.0000000	0.0000908	0.1260422	0.0000000	-0.0068768	0.0000000	-0.0571623	-0.0000000	-0.0000000	0.0479420	-0.0000000
0.4000000	0.0302796	-0.0000000	0.0001057	0.1787958	0.0000000	-0.0089255	0.0000000	-0.0492794	-0.0000000	-0.0000000	0.1097144	-0.0000000
0.5000000	0.0504135	-0.0000000	0.0000837	0.2215385	0.0000000	-0.0086975	0.0000000	-0.0373549	-0.0000000	0.0000000	0.1287764	-0.0000000
0.6000000	0.0742101	0.0000000	0.0000411	0.2520959	0.0000000	-0.0067751	0.0000000	-0.0248951	-0.0000000	0.0000000	0.1204205	-0.0000000
0.7000000	0.1004623	0.0000000	-0.0000024	0.2710440	0.0000000	-0.0042011	0.0000000	-0.0139964	-0.0000000	0.0000000	0.0975529	-0.0000000
0.8000000	0.1281083	0.0000000	-0.0000346	0.2804689	0.0000000	-0.0018285	0.0000000	-0.0056302	-0.0000000	0.0000000	0.0697710	-0.0000000
0.9000000	0.1563286	0.0000000	-0.0000520	0.2830077	0.0000000	-0.0000940	0.0000000	0.0000249	-0.0000000	0.0000000	0.0433308	-0.0000000
1.0000000	0.1845662	0.0000000	-0.0000569	0.2812114	0.0000000	0.0009239	0.0000000	0.0032728	-0.0000000	0.0000000	0.0216281	-0.0000000
1.1000000	0.2124980	0.0000000	-0.0000537	0.2771954	0.0000000	0.0013506	0.0000000	0.0046495	-0.0000000	0.0000000	0.0059048	-0.0000000
1.2000000	0.2399842	0.0000000	-0.0000464	0.2725068	0.0000000	0.0013779	0.0000000	0.0047436	-0.0000000	0.0000000	-0.0040218	-0.0000000
1.3000000	0.2670112	0.0000000	-0.0000377	0.2681349	0.0000000	0.0011833	0.0000000	0.0040862	-0.0000000	0.0000000	-0.0091264	0.0000000
1.4000000	0.2936401	0.0000000	-0.0000293	0.2646006	0.0000000	0.0008988	0.0000000	0.0030953	-0.0000000	0.0000000	-0.0106925	-0.0000000
1.5000000	0.3199657	0.0000000	-0.0000219	0.2620779	0.0000000	0.0006080	0.0000000	0.0020612	-0.0000000	0.0000000	-0.0099892	0.0000000
1.6000000	0.3460880	0.0000000	-0.0000157	0.2605152	0.0000000	0.0003565	0.0000000	0.0011574	-0.0000000	0.0000000	-0.0080864	0.0000000
1.7000000	0.3720951	0.0000000	-0.0000108	0.2597388	0.0000000	0.0001635	0.0000000	0.0004641	0.0000000	0.0000000	-0.0057793	0.0000000
1.8000000	0.3980547	0.0000000	-0.0000071	0.2595312	0.0000000	0.0000312	0.0000000	-0.0000041	0.0000000	0.0000000	-0.0035858	0.0000000
1.9000000	0.4240132	0.0000000	-0.0000043	0.2596817	0.0000000	-0.0000476	0.0000000	-0.0002728	0.0000000	0.0000000	-0.0017867	-0.0000000
2.0000000	0.4499971	0.0000000	-0.0000024	0.2600156	0.0000000	-0.0000845	0.0000000	-0.0003863	0.0000000	0.0000000	-0.0004842	0.0000000
2.1000000	0.4760181	0.0000000	-0.0000010	0.2604049	0.0000000	-0.0000922	0.0000000	-0.0003936	0.0000000	0.0000000	0.0003373	0.0000000
2.2000000	0.5020772	0.0000000	-0.0000002	0.2607676	0.0000000	-0.0000821	0.0000000	-0.0003388	0.0000000	0.0000000	0.0007591	0.0000000
2.3000000	0.5281693	0.0000000	0.0000003	0.2610607	0.0000000	-0.0000636	0.0000000	-0.0002565	0.0000000	0.0000000	0.0008878	0.0000000
2.4000000	0.5542865	0.0000000	0.0000005	0.2612697	0.0000000	-0.0000432	0.0000000	-0.0001707	0.0000000	0.0000000	0.0008286	0.0000000
2.5000000	0.5804205	0.0000000	0.0000006	0.2613991	0.0000000	-0.0000248	0.0000000	-0.0000957	0.0000000	0.0000000	0.0006703	0.0000000
2.6000000	0.6065641	0.0000000	0.0000006	0.2614632	0.0000000	-0.0000105	0.0000000	-0.0000383	0.0000000	0.0000000	0.0004787	0.0000000
2.7000000	0.6327116	0.0000000	0.0000005	0.2614802	0.0000000	-0.0000007	0.0000000	0.0000005	0.0000000	0.0000000	0.0002967	0.0000000
2.8000000	0.6588592	0.0000000	0.0000004	0.2614676	0.0000000	0.0000051	0.0000000	0.0000227	0.0000000	0.0000000	0.0001476	0.0000000
2.9000000	0.6850046	0.0000000	0.0000003	0.2614398	0.0000000	0.0000075	0.0000000	0.0000321	0.0000000	0.0000000	0.0000397	0.0000000
3.0000000	0.7111470	0.0000000	0.0000002	0.2614075	0.0000000	0.0000078	0.0000000	0.0000327	0.0000000	0.0000000	-0.0000283	0.0000000
3.1000000	0.7372862	0.0000000	0.0000002	0.2613774	0.0000000	0.0000067	0.0000000	0.0000281	0.0000000	0.0000000	-0.0000631	-0.0000000
3.2000000	0.7634227	0.0000000	0.0000001	0.2613531	0.0000000	0.0000051	0.0000000	0.0000213	0.0000000	0.0000000	-0.0000737	-0.0000000
3.3000000	0.7895571	0.0000000	0.0000001	0.2613358	0.0000000	0.0000033	0.0000000	0.0000141	0.0000000	0.0000000	-0.0000687	0.0000000
3.4000000	0.8156901	0.0000000	0.0000000	0.2613251	0.0000000	0.0000018	0.0000000	0.0000079	0.0000000	0.0000000	-0.0000556	0.0000000
3.5000000	0.8418223	0.0000000	0.0000000	0.2613198	0.0000000	0.0000007	0.0000000	0.0000032	0.0000000	0.0000000	-0.0000397	0.0000000
3.6000000	0.8679542	0.0000000	0.0000000	0.2613184	0.0000000	-0.0000001	0.0000000	-0.0000001	0.0000000	0.0000000	-0.0000246	-0.0000000
3.7000000	0.8940861	0.0000000	0.0000000	0.2613195	0.0000000	-0.0000006	0.0000000	-0.0000019	0.0000000	0.0000000	-0.0000122	-0.0000000
3.8000000	0.9202181	0.0000000	-0.0000000	0.2613218	0.0000000	-0.0000007	0.0000000	-0.0000027	0.0000000	0.0000000	-0.0000033	-0.0000000
3.9000000	0.9463504	0.0000000	-0.0000000	0.2613245	0.0000000	-0.0000007	0.0000000	-0.0000027	0.0000000	0.0000000	0.0000024	0.0000000
4.0000000	0.9724830	0.0000000	-0.0000000	0.2613270	0.0000000	-0.0000006	0.0000000	-0.0000023	0.0000000	0.0000000	0.0000053	0.0000000
4.1000000	0.9986158	0.0000000	-0.0000000	0.2613290	0.0000000	-0.0000005	0.0000000	-0.0000018	0.0000000	0.0000000	0.0000061	0.0000000
4.2000000	1.0247488	0.0000000	-0.0000000	0.2613304	0.0000000	-0.0000003	0.0000000	-0.0000012	0.0000000	0.0000000	0.0000057	0.0000000
4.3000000	1.0508819	0.0000000	-0.0000000	0.2613313	0.0000000	-0.0000002	0.0000000	-0.0000007	0.0000000	0.0000000	0.0000046	0.0000000
4.4000000	1.0770150	0.0000000	-0.0000000	0.2613318	0.0000000	-0.0000001	0.0000000	-0.0000003	0.0000000	0.0000000	0.0000033	0.0000000
4.5000000	1.1031482	0.0000000	-0.0000000	0.2613319	0.0000000	0.0000000	0.0000000	0.0000000	0.0000000	0.0000000	0.0000020	0.0000000
4.6000000	1.1292814	0.0000000	-0.0000000	0.2613318	0.0000000	0.0000000	0.0000000	0.0000002	0.0000000	0.0000000	0.0000010	0.0000000
4.7000000	1.1554146	0.0000000	-0.0000000	0.2613316	0.0000000	0.0000001	0.0000000	0.0000002	0.0000000	0.0000000	0.0000003	0.0000000
4.8000000	1.1815477	0.0000000	-0.0000000	0.2613314	0.0000000	0.0000001	0.0000000	0.0000002	0.0000000	0.0000000	-0.0000002	0.0000000
4.9000000	1.2076808	0.0000000	-0.0000000	0.2613312	0.0000000	0.0000001	0.0000000	0.0000002	0.0000000	0.0000000	-0.0000004	-0.0000000
5.0000000	1.2338139	0.0000000	-0.0000000	0.2613310	0.0000000	0.0000000	0.0000000	0.0000001	0.0000000	0.0000000	-0.0000005	-0.0000000
5.1000000	1.2599470	0.0000000	-0.0000000	0.2613309	0.0000000	0.0000000	0.0000000	0.0000001	0.0000000	0.0000000	-0.0000005	0.0000000
5.2000000	1.2860801	0.0000000	0.0000000	0.2613308	0.0000000	0.0000000	0.0000000	0.0000001	0.0000000	0.0000000	-0.0000004	0.0000000
5.3000000	1.3122132	0.0000000	0.0000000	0.2613308	0.0000000	0.0000000	0.0000000	0.0000000	0.0000000	0.0000000	-0.0000003	0.0000000
5.4000000	1.3383463	0.0000000	0.0000000	0.2613308	0.0000000	-0.0000000	0.0000000	-0.0000000	0.0000000	0.0000000	-0.0000002	0.0000000
5.5000000	1.3644793	0.0000000	0.0000000	0.2613308	0.0000000	-0.0000000	0.0000000	-0.0000000	0.0000000	0.0000000	-0.0000001	0.0000000
5.6000000	1.3906124	0.0000000	0.0000000	0.2613308	0.0000000	-0.0000000	0.0000000	-0.0000000	0.0000000	0.0000000	-0.0000000	0.0000000
5.7000000	1.4167455	0.0000000	0.0000000	0.2613308	0.0000000	-0.0000000	0.0000000	-0.0000000	0.0000000	0.0000000	0.0000000	0.0000000
5.8000000	1.4428786	0.0000000	0.0000000	0.2613308	0.0000000	-0.0000000	0.0000000	-0.0000000	0.0000000	0.0000000	0.0000000	0.0000000
5.9000000	1.4690117	0.0000000	0.0000000	0.2613308	0.0000000	-0.0000000	0.0000000	-0.0000000	0.0000000	0.0000000	0.0000000	0.0000000
6.0000000	1.4951447	0.0000000	0.0000000	0.2613308	0.0000000	-0.0000000	0.0000000	-0.0000000	0.0000000	0.0000000	0.0000000	0.0000000
6.1000000	1.5212778	0.0000000	0.0000000	0.2613308	0.0000000	-0.0000000	0.0000000	-0.0000000	0.0000000	0.0000000	0.0000000	0.0000000
6.2000000	1.5474109	0.0000000	0.0000000	0.2613308	0.0000000	-0.0000000	0.0000000	-0.0000000	0.0000000	0.0000000	0.0000000	0.0000000
6.3000000	1.5735440	0.0000000	0.0000000	0.2613308	0.0000000	-0.0000000	0.0000000	0.0000000	0.0000000	0.0000000	0.0000000	0.0000000
6.4000000	1.5996771	0.0000000	0.0000000	0.2613308	0.0000000	0.0000000	0.0000000	0.0000000	0.0000000	0.0000000	0.0000000	0.0000000
6.5000000	1.6258102	0.0000000	0.0000000	0.2613308	0.0000000	0.0000000	0.0000000	0.0000000	0.0000000	0.0000000	0.0000000	0.0000000
6.6000000	1.6519433	0.0000000	0.0000000	0.2613308	0.0000000	0.0000000	0.0000000	0.0000000	0.0000000	0.0000000	-0.0000000	0.0000000
6.7000000	1.6780763	0.0000000	-0.0000000	0.2613308	0.0000000	0.0000000	0.0000000	0.0000000	0.0000000	0.0000000	-0.0000000	-0.0000000
6.8000000	1.7042094	0.0000000	-0.0000000	0.2613308	0.0000000	0.0000000	0.0000000	0.0000000	0.0000000	0.0000000	-0.0000000	-0.0000000
6.9000000	1.7303425	0.0000000	-0.0000000	0.2613308	0.0000000	0.0000000	0.0000000	0.0000000	0.0000000	0.0000000	-0.0000000	-0.0000000
7.0000000	1.7564756	0.0000000	-0.0000000	0.2613308	0.0000000	0.0000000	0.0000000	0.0000000	0.0000000	0.0000000	-0.0000000	-0.0000000
7.1000000	1.7826087	0.0000000	-0.0000000	0.2613308	0.0000000	0.0000000	0.0000000	0.0000000	0.0000000	0.0000000	-0.0000000	0.0000000
7.2000000	1.8087418	0.0000000	-0.0000000	0.2613308	0.0000000	0.0000000	0.0000000	-0.0000000	0.0000000	0.0000000	-0.0000000	0.0000000
7.3000000	1.8348748	0.0000000	-0.0000000	0.2613308	0.0000000	-0.0000000	0.0000000	-0.0000000	0.0000000	0.0000000	-0.0000000	0.0000000
7.4000000	1.8610079	0.0000000	-0.0000000	0.2613308	0.0000000	-0.0000000	0.0000000	-0.0000000	0.0000000	0.0000000	-0.0000000	0.0000000
7.5000000	1.8871410	0.0000000	-0.0000000	0.2613308	0.0000000	-0.0000000	0.0000000	-0.0000000	0.0000000	0.0000000	0.0000000	0.0000000
7.6000000	1.9132741	0.0000000	-0.0000000	0.2613308	0.0000000	-0.0000000	0.0000000	-0.0000000	0.0000000	0.0000000	0.0000000	0.0000000
7.7000000	1.9394072	0.0000000	-0.0000000	0.2613308	0.0000000	-0.0000000	0.0000000	-0.0000000	0.0000000	0.0000000	0.0000000	-0.0000000
7.8000000	1.9655403	0.0000000	-0.0000000	0.2613308	0.0000000	-0.0000000	0.0000000	-0.0000000	0.0000000	0.0000000	0.0000000	-0.0000000
7.9000000	1.9916733	0.0000000	-0.0000000	0.2613308	0.0000000	-0.0000000	0.0000000	-0.0000000	0.0000000	0.0000000	0.0000000	-0.0000000
8.0000000	2.0178064	0.0000000	-0.0000000	0.2613308	0.0000000	-0.0000000	0.0000000	-0.0000000	0.0000000	0.0000000	0.0000000	-0.0000000
8.1000000	2.0439395	0.0000000	-0.0000000	0.2613308	0.0000000	0.0000000	0.0000000	0.0000000	0.0000000	0.0000000	0.0000000	-0.0000000
8.2000000	2.0700726	0.0000000	0.0000000	0.2613308	0.0000000	0.0000000	0.0000000	0.0000000	0.0000000	0.0000000	0.0000000	-0.0000000
8.3000000	2.0962057	0.0000000	0.0000000	0.2613308	0.0000000	0.0000000	0.0000000	0.0000000	0.0000000	0.0000000	0.0000000	-0.0000000
8.4000000	2.1223388	0.0000000	0.0000000	0.2613308	0.0000000	0.0000000	0.0000000	0.0000000	0.0000000	0.0000000	-0.0000000	-0.0000000
8.5000000	2.1484718	0.0000000	0.0000000	0.2613308	0.0000000	0.0000000	0.0000000	0.0000000	0.0000000	0.0000000	-0.0000000	-0.0000000
8.6000000	2.1746049	0.0000000	0.0000000	0.2613308	0.0000000	0.0000000	0.0000000	0.0000000	0.0000000	0.0000000	-0.0000000	-0.0000000
8.7000000	2.2007380	0.0000000	0.0000000	0.2613308	0.0000000	0.0000000	0.0000000	0.0000000	0.0000000	0.0000000	-0.0000000	-0.0000000
8.8000000	2.2268711	0.0000000	0.0000000	0.2613308	0.0000000	0.0000000	0.0000000	0.0000000	0.0000000	0.0000000	-0.0000000	-0.0000000
8.9000000	2.2530042	0.0000000	0.0000000	0.2613308	0.0000000	0.0000000	0.0000000	0.0000000	0.0000000	0.0000000	-0.0000000	-0.0000000
9.0000000	2.2791373	0.0000000	0.0000000	0.2613308	0.0000000	-0.0000000	0.0000000	-0.0000000	0.0000000	0.0000000	-0.0000000	-0.0000000
9.1000000	2.3052703	0.0000000	0.0000000	0.2613308	0.0000000	-0.0000000	0.0000000	-0.0000000	-0.0000000	0.0000000	-0.0000000	-0.0000000
9.2000000	2.3314034	0.0000000	0.0000000	0.2613308	0.0000000	-0.0000000	0.0000000	-0.0000000	-0.0000000	0.0000000	-0.0000000	-0.0000000
9.3000000	2.3575365	0.0000000	0.0000000	0.2613308	0.0000000	-0.0000000	0.0000000	-0.0000000	-0.0000000	0.0000000	0.0000000	-0.0000000
9.4000000	2.3836696	0.0000000	0.0000000	0.2613308	0.0000000	-0.0000000	0.0000000	-0.0000000	-0.0000000	0.0000000	0.0000000	-0.0000000
9.5000000	2.4098027	0.0000000	0.0000000	0.2613308	0.0000000	-0.0000000	0.0000000	-0.0000000	-0.0000000	0.0000000	0.0000000	-0.0000000
9.6000000	2.4359358	0.0000000	0.0000000	0.2613308	0.0000000	-0.0000000	0.0000000	-0.0000000	-0.0000000	0.0000000	0.0000000	-0.0000000
9.7000000	2.4620688	0.0000000	-0.0000000	0.2613308	0.0000000	-0.0000000	0.0000000	-0.0000000	-0.0000000	0.0000000	0.0000000	-0.0000000
9.8000000	2.4882019	0.0000000	-0.0000000	0.2613308	0.0000000	-0.0000000	0.0000000	-0.0000000	-0.0000000	0.0000000	0.0000000	-0.0000000
9.9000000	2.5143350	0.0000000	-0.0000000	0.2613308	0.0000000	0.0000000	0.0000000	0.0000000	-0.0000000	0.0000000	0.0000000	-0.0000000
10.0000000	2.5404681	0.0000000	-0.0000000	0.2613308	0.0000000	0.0000000	0.0000000	0.0000000	-0.0000000	0.0000000	0.0000000	-0.0000000
