Time  pn  pe  pd  u  v  w  phi  theta  psi  p  q  r
0.0000000	0.0000000	0.0000000	0.0000000	0.0000000	0.0000000	0.0000000	0.0000000	0.0000000	0.0000000	0.8726646	0.0000000	0.0000000
0.1000000	0.0000000	0.0012481	0.0000226	0.0000000	0.0356337	-0.0015091	0.0654498	0.0000000	0.0000000	0.4363323	0.0000000	0.0000000
0.2000000	0.0000000	0.0086141	0.0001264	0.0000000	0.1158536	-0.0092090	0.0932660	0.0000000	0.0000000	0.1199914	0.0000000	0.0000000
0.3000000	0.0000000	0.0249418	0.0002525	0.0000000	0.2098084	-0.0191121	0.0952704	0.0000000	0.0000000	-0.0799034	0.0000000	0.0000000
0.4000000	0.0000000	0.0505271	0.0002938	0.0000000	0.2978470	-0.0248177	0.0821324	0.0000000	0.0000000	-0.1828573	0.0000000	0.0000000
0.5000000	0.0000000	0.0841411	0.0002326	0.0000000	0.3693602	-0.0241900	0.0622582	0.0000000	0.0000000	-0.2146273	0.0000000	0.0000000
0.6000000	0.0000000	0.1238675	0.0001141	0.0000000	0.4205623	-0.0188449	0.0414918	0.0000000	0.0000000	-0.2007009	0.0000000	0.0000000
0.7000000	0.0000000	0.1676884	-0.0000069	0.0000000	0.4523174	-0.0116854	0.0233273	0.0000000	0.0000000	-0.1625881	0.0000000	0.0000000
0.8000000	0.0000000	0.2138321	-0.0000963	0.0000000	0.4681003	-0.0050854	0.0093837	0.0000000	0.0000000	-0.1162850	0.0000000	0.0000000
0.9000000	0.0000000	0.2609328	-0.0001446	0.0000000	0.4723478	-0.0002609	-0.0000415	0.0000000	0.0000000	-0.0722180	0.0000000	0.0000000
1.0000000	0.0000000	0.3080623	-0.0001583	0.0000000	0.4693500	0.0025704	-0.0054547	0.0000000	0.0000000	-0.0360468	-0.0000000	0.0000000
1.1000000	0.0000000	0.3546823	-0.0001493	0.0000000	0.4626521	0.0037570	-0.0077491	0.0000000	0.0000000	-0.0098413	-0.0000000	0.0000000
1.2000000	0.0000000	0.4005596	-0.0001289	0.0000000	0.4548375	0.0038329	-0.0079060	0.0000000	0.0000000	0.0067031	-0.0000000	0.0000000
1.3000000	0.0000000	0.4456716	-0.0001048	0.0000000	0.4475535	0.0032919	-0.0068104	0.0000000	0.0000000	0.0152106	-0.0000000	0.0000000
1.4000000	0.0000000	0.4901200	-0.0000814	0.0000000	0.4416661	0.0025002	-0.0051588	0.0000000	0.0000000	0.0178208	-0.0000000	0.0000000
1.5000000	0.0000000	0.5340630	-0.0000609	0.0000000	0.4374639	0.0016912	-0.0034353	0.0000000	0.0000000	0.0166486	-0.0000000	0.0000000
1.6000000	0.0000000	0.5776671	-0.0000438	0.0000000	0.4348606	0.0009917	-0.0019290	0.0000000	0.0000000	0.0134773	0.0000000	0.0000000
1.7000000	0.0000000	0.6210791	-0.0000302	0.0000000	0.4335673	0.0004547	-0.0007736	0.0000000	0.0000000	0.0096322	0.0000000	0.0000000
1.8000000	0.0000000	0.6644122	-0.0000197	0.0000000	0.4332213	0.0000866	0.0000069	0.0000000	0.0000000	0.0059764	0.0000000	0.0000000
1.9000000	0.0000000	0.7077432	-0.0000120	0.0000000	0.4334722	-0.0001325	0.0004546	0.0000000	0.0000000	0.0029779	0.0000000	0.0000000
2.0000000	0.0000000	0.7511167	-0.0000066	0.0000000	0.4340287	-0.0002351	0.0006438	0.0000000	0.0000000	0.0008071	0.0000000	0.0000000
2.1000000	-0.0000000	0.7945519	-0.0000029	0.0000000	0.4346775	-0.0002564	0.0006561	0.0000000	0.0000000	-0.0005622	0.0000000	0.0000000
2.2000000	-0.0000000	0.8380506	-0.0000006	0.0000000	0.4352820	-0.0002286	0.0005647	0.0000000	0.0000000	-0.0012652	0.0000000	0.0000000
2.3000000	-0.0000000	0.8816044	0.0000007	0.0000000	0.4357705	-0.0001771	0.0004275	0.0000000	0.0000000	-0.0014797	0.0000000	0.0000000
2.4000000	-0.0000000	0.9252000	0.0000014	0.0000000	0.4361189	-0.0001202	0.0002844	0.0000000	0.0000000	-0.0013810	0.0000000	0.0000000
2.5000000	-0.0000000	0.9688237	0.0000016	0.0000000	0.4363345	-0.0000691	0.0001595	0.0000000	0.0000000	-0.0011172	0.0000000	0.0000000
2.6000000	-0.0000000	1.0124633	0.0000016	0.0000000	0.4364414	-0.0000292	0.0000638	0.0000000	0.0000000	-0.0007979	0.0000000	0.0000000
2.7000000	-0.0000000	1.0561094	0.0000014	0.0000000	0.4364698	-0.0000018	-0.0000009	0.0000000	0.0000000	-0.0004946	0.0000000	0.0000000
2.8000000	-0.0000000	1.0997556	0.0000011	0.0000000	0.4364487	0.0000141	-0.0000379	0.0000000	0.0000000	-0.0002460	0.0000000	0.0000000
2.9000000	-0.0000000	1.1433983	0.0000009	0.0000000	0.4364025	0.0000210	-0.0000535	0.0000000	0.0000000	-0.0000662	0.0000000	0.0000000
3.0000000	-0.0000000	1.1870358	0.0000007	0.0000000	0.4363486	0.0000217	-0.0000544	0.0000000	0.0000000	0.0000472	0.0000000	0.0000000
3.1000000	-0.0000000	1.2306681	0.0000005	0.0000000	0.4362984	0.0000187	-0.0000468	0.0000000	0.0000000	0.0001052	0.0000000	0.0000000
3.2000000	-0.0000000	1.2742959	0.0000003	0.0000000	0.4362580	0.0000141	-0.0000354	0.0000000	0.0000000	0.0001229	0.0000000	0.0000000
3.3000000	-0.0000000	1.3179201	0.0000002	0.0000000	0.4362291	0.0000093	-0.0000235	0.0000000	0.0000000	0.0001146	0.0000000	0.0000000
3.4000000	-0.0000000	1.3615421	0.0000001	0.0000000	0.4362113	0.0000050	-0.0000132	0.0000000	0.0000000	0.0000926	0.0000000	0.0000000
3.5000000	-0.0000000	1.4051627	0.0000001	0.0000000	0.4362024	0.0000018	-0.0000053	0.0000000	0.0000000	0.0000661	0.0000000	0.0000000
3.6000000	-0.0000000	1.4487828	0.0000000	0.0000000	0.4362001	-0.0000004	0.0000001	0.0000000	0.0000000	0.0000409	0.0000000	0.0000000
3.7000000	-0.0000000	1.4924028	0.0000000	0.0000000	0.4362019	-0.0000016	0.0000032	0.0000000	0.0000000	0.0000203	0.0000000	0.0000000
3.8000000	-0.0000000	1.5360232	-0.0000000	0.0000000	0.4362057	-0.0000020	0.0000044	0.0000000	0.0000000	0.0000054	0.0000000	0.0000000
3.9000000	-0.0000000	1.5796440	-0.0000000	0.0000000	0.4362102	-0.0000020	0.0000045	0.0000000	0.0000000	-0.0000040	0.0000000	0.0000000
4.0000000	-0.0000000	1.6232652	-0.0000000	0.0000000	0.4362143	-0.0000017	0.0000039	0.0000000	0.0000000	-0.0000088	0.0000000	0.0000000
4.1000000	-0.0000000	1.6668868	-0.0000000	0.0000000	0.4362177	-0.0000013	0.0000029	0.0000000	0.0000000	-0.0000102	0.0000000	0.0000000
4.2000000	-0.0000000	1.7105087	-0.0000000	0.0000000	0.4362201	-0.0000008	0.0000019	0.0000000	0.0000000	-0.0000095	0.0000000	0.0000000
4.3000000	-0.0000000	1.7541308	-0.0000000	0.0000000	0.4362216	-0.0000004	0.0000011	0.0000000	0.0000000	-0.0000077	0.0000000	0.0000000
4.4000000	-0.0000000	1.7977530	-0.0000000	0.0000000	0.4362223	-0.0000002	0.0000004	0.0000000	0.0000000	-0.0000055	0.0000000	0.0000000
4.5000000	-0.0000000	1.8413753	-0.0000000	0.0000000	0.4362225	0.0000000	-0.0000000	0.0000000	0.0000000	-0.0000034	0.0000000	0.0000000
4.6000000	-0.0000000	1.8849975	-0.0000000	0.0000000	0.4362223	0.0000001	-0.0000003	0.0000000	0.0000000	-0.0000017	0.0000000	0.0000000
4.7000000	-0.0000000	1.9286197	-0.0000000	0.0000000	0.4362220	0.0000002	-0.0000004	0.0000000	0.0000000	-0.0000004	0.0000000	0.0000000
4.8000000	-0.0000000	1.9722419	-0.0000000	0.0000000	0.4362216	0.0000002	-0.0000004	0.0000000	0.0000000	0.0000003	0.0000000	0.0000000
4.9000000	-0.0000000	2.0158641	-0.0000000	0.0000000	0.4362213	0.0000001	-0.0000003	0.0000000	0.0000000	0.0000007	0.0000000	0.0000000
5.0000000	-0.0000000	2.0594862	-0.0000000	0.0000000	0.4362210	0.0000001	-0.0000002	0.0000000	0.0000000	0.0000008	0.0000000	0.0000000
5.1000000	-0.0000000	2.1031083	-0.0000000	0.0000000	0.4362208	0.0000001	-0.0000002	0.0000000	0.0000000	0.0000008	0.0000000	0.0000000
5.2000000	-0.0000000	2.1467303	0.0000000	0.0000000	0.4362207	0.0000000	-0.0000001	0.0000000	0.0000000	0.0000006	0.0000000	0.0000000
5.3000000	-0.0000000	2.1903524	0.0000000	0.0000000	0.4362206	0.0000000	-0.0000000	0.0000000	0.0000000	0.0000005	0.0000000	0.0000000
5.4000000	-0.0000000	2.2339745	0.0000000	0.0000000	0.4362206	-0.0000000	0.0000000	0.0000000	0.0000000	0.0000003	0.0000000	0.0000000
5.5000000	-0.0000000	2.2775965	0.0000000	0.0000000	0.4362206	-0.0000000	0.0000000	0.0000000	0.0000000	0.0000001	0.0000000	0.0000000
5.6000000	-0.0000000	2.3212186	0.0000000	0.0000000	0.4362207	-0.0000000	0.0000000	0.0000000	0.0000000	0.0000000	0.0000000	0.0000000
5.7000000	-0.0000000	2.3648407	0.0000000	0.0000000	0.4362207	-0.0000000	0.0000000	0.0000000	0.0000000	-0.0000000	0.0000000	0.0000000
5.8000000	-0.0000000	2.4084627	0.0000000	0.0000000	0.4362207	-0.0000000	0.0000000	0.0000000	0.0000000	-0.0000001	0.0000000	0.0000000
5.9000000	-0.0000000	2.4520848	0.0000000	0.0000000	0.4362208	-0.0000000	0.0000000	0.0000000	0.0000000	-0.0000001	0.0000000	0.0000000
6.0000000	-0.0000000	2.4957069	0.0000000	0.0000000	0.4362208	-0.0000000	0.0000000	0.0000000	0.0000000	-0.0000001	0.0000000	0.0000000
6.1000000	-0.0000000	2.5393290	0.0000000	0.0000000	0.4362208	-0.0000000	0.0000000	0.0000000	0.0000000	-0.0000001	0.0000000	0.0000000
6.2000000	-0.0000000	2.5829510	0.0000000	0.0000000	0.4362208	-0.0000000	0.0000000	0.0000000	0.0000000	-0.0000000	0.0000000	0.0000000
6.3000000	-0.0000000	2.6265731	0.0000000	0.0000000	0.4362208	-0.0000000	-0.0000000	0.0000000	0.0000000	-0.0000000	0.0000000	0.0000000
6.4000000	-0.0000000	2.6701952	0.0000000	0.0000000	0.4362208	0.0000000	-0.0000000	0.0000000	0.0000000	-0.0000000	0.0000000	0.0000000
6.5000000	-0.0000000	2.7138173	0.0000000	0.0000000	0.4362208	0.0000000	-0.0000000	0.0000000	0.0000000	-0.0000000	0.0000000	0.0000000
6.6000000	-0.0000000	2.7574394	0.0000000	0.0000000	0.4362208	0.0000000	-0.0000000	0.0000000	0.0000000	0.0000000	0.0000000	0.0000000
6.7000000	-0.0000000	2.8010614	-0.0000000	0.0000000	0.4362208	0.0000000	-0.0000000	0.0000000	0.0000000	0.0000000	0.0000000	0.0000000
6.8000000	-0.0000000	2.8446835	-0.0000000	0.0000000	0.4362208	0.0000000	-0.0000000	0.0000000	0.0000000	0.0000000	0.0000000	0.0000000
6.9000000	-0.0000000	2.8883056	-0.0000000	0.0000000	0.4362208	0.0000000	-0.0000000	0.0000000	0.0000000	0.0000000	0.0000000	0.0000000
7.0000000	-0.0000000	2.9319277	-0.0000000	0.0000000	0.4362208	0.0000000	-0.0000000	0.0000000	0.0000000	0.0000000	0.0000000	0.0000000
7.1000000	-0.0000000	2.9755497	-0.0000000	0.0000000	0.4362208	0.0000000	-0.0000000	0.0000000	0.0000000	0.0000000	0.0000000	0.0000000
7.2000000	-0.0000000	3.0191718	-0.0000000	0.0000000	0.4362208	0.0000000	0.0000000	0.0000000	0.0000000	0.0000000	0.0000000	0.0000000
7.3000000	-0.0000000	3.0627939	-0.0000000	0.0000000	0.4362208	-0.0000000	0.0000000	0.0000000	0.0000000	0.0000000	0.0000000	0.0000000
7.4000000	-0.0000000	3.1064160	-0.0000000	0.0000000	0.4362208	-0.0000000	0.0000000	0.0000000	0.0000000	0.0000000	0.0000000	0.0000000
7.5000000	-0.0000000	3.1500381	-0.0000000	0.0000000	0.4362208	-0.0000000	0.0000000	0.0000000	0.0000000	-0.0000000	0.0000000	0.0000000
7.6000000	-0.0000000	3.1936601	-0.0000000	0.0000000	0.4362208	-0.0000000	0.0000000	0.0000000	0.0000000	-0.0000000	0.0000000	0.0000000
7.7000000	-0.0000000	3.2372822	-0.0000000	0.0000000	0.4362208	-0.0000000	0.0000000	0.0000000	0.0000000	-0.0000000	0.0000000	0.0000000
7.8000000	-0.0000000	3.2809043	-0.0000000	0.0000000	0.4362208	-0.0000000	0.0000000	0.0000000	0.0000000	-0.0000000	0.0000000	0.0000000
7.9000000	-0.0000000	3.3245264	-0.0000000	0.0000000	0.4362208	-0.0000000	0.0000000	0.0000000	0.0000000	-0.0000000	0.0000000	0.0000000
8.0000000	-0.0000000	3.3681484	-0.0000000	0.0000000	0.4362208	-0.0000000	0.0000000	0.0000000	0.0000000	-0.0000000	0.0000000	0.0000000
8.1000000	-0.0000000	3.4117705	-0.0000000	0.0000000	0.4362208	0.0000000	-0.0000000	0.0000000	0.0000000	-0.0000000	0.0000000	0.0000000
8.2000000	-0.0000000	3.4553926	0.0000000	0.0000000	0.4362208	0.0000000	-0.0000000	0.0000000	0.0000000	-0.0000000	0.0000000	0.0000000
8.3000000	-0.0000000	3.4990147	0.0000000	0.0000000	0.4362208	0.0000000	-0.0000000	0.0000000	0.0000000	-0.0000000	0.0000000	0.0000000
8.4000000	-0.0000000	3.5426367	0.0000000	0.0000000	0.4362208	0.0000000	-0.0000000	0.0000000	0.0000000	0.0000000	0.0000000	0.0000000
8.5000000	-0.0000000	3.5862588	0.0000000	0.0000000	0.4362208	0.0000000	-0.0000000	0.0000000	0.0000000	0.0000000	0.0000000	0.0000000
8.6000000	-0.0000000	3.6298809	0.0000000	0.0000000	0.4362208	0.0000000	-0.0000000	0.0000000	0.0000000	0.0000000	0.0000000	0.0000000
8.7000000	-0.0000000	3.6735030	0.0000000	0.0000000	0.4362208	0.0000000	-0.0000000	0.0000000	0.0000000	0.0000000	0.0000000	0.0000000
8.8000000	-0.0000000	3.7171251	0.0000000	0.0000000	0.4362208	0.0000000	-0.0000000	0.0000000	0.0000000	0.0000000	0.0000000	0.0000000
8.9000000	-0.0000000	3.7607471	0.0000000	0.0000000	0.4362208	0.0000000	-0.0000000	0.0000000	0.0000000	0.0000000	0.0000000	0.0000000
9.0000000	-0.0000000	3.8043692	0.0000000	0.0000000	0.4362208	-0.0000000	0.0000000	0.0000000	0.0000000	0.0000000	0.0000000	0.0000000
9.1000000	-0.0000000	3.8479913	0.0000000	0.0000000	0.4362208	-0.0000000	0.0000000	0.0000000	0.0000000	0.0000000	0.0000000	0.0000000
9.2000000	-0.0000000	3.8916134	0.0000000	0.0000000	0.4362208	-0.0000000	0.0000000	0.0000000	0.0000000	0.0000000	0.0000000	0.0000000
9.3000000	-0.0000000	3.9352354	0.0000000	0.0000000	0.4362208	-0.0000000	0.0000000	0.0000000	0.0000000	-0.0000000	0.0000000	0.0000000
9.4000000	-0.0000000	3.9788575	0.0000000	0.0000000	0.4362208	-0.0000000	0.0000000	0.0000000	0.0000000	-0.0000000	0.0000000	0.0000000
9.5000000	-0.0000000	4.0224796	0.0000000	0.0000000	0.4362208	-0.0000000	0.0000000	0.0000000	0.0000000	-0.0000000	0.0000000	0.0000000
9.6000000	-0.0000000	4.0661017	0.0000000	0.0000000	0.4362208	-0.0000000	0.0000000	0.0000000	0.0000000	-0.0000000	0.0000000	0.0000000
9.7000000	-0.0000000	4.1097238	-0.0000000	0.0000000	0.4362208	-0.0000000	0.0000000	0.0000000	0.0000000	-0.0000000	0.0000000	0.0000000
9.8000000	-0.0000000	4.1533458	-0.0000000	0.0000000	0.4362208	-0.0000000	0.0000000	0.0000000	0.0000000	-0.0000000	0.0000000	0.0000000
9.9000000	-0.0000000	4.1969679	-0.0000000	0.0000000	0.4362208	0.0000000	-0.0000000	0.0000000	0.0000000	-0.0000000	0.0000000	0.0000000
10.0000000	-0.0000000	4.2405900	-0.0000000	0.0000000	0.4362208	0.0000000	-0.0000000	0.0000000	0.0000000	-0.0000000	0.0000000	0.0000000
